4 163 238 295 76
3 40 208 191
1 5
3 119 233 179
9 220 213 83 52 22 39 260 255 145
1 20
5 273 173 293 24 84
1 202
4 93 79 56 207
2 44 212
6 4 170 59 299 138 102
3 89 298 291
7 230 21 249 199 183 286 88
4 181 80 118 267
4 146 28 82 180
1 117
2 152 283
3 221 263 214
4 165 81 14 252
2 0 278
2 17 41
0 
0 
2 136 144
1 31
4 78 30 68 245
3 58 234 73
0 
5 3 261 43 259 269
4 209 205 19 292
3 235 289 194
0 
2 143 153
4 226 70 69 254
5 241 287 265 51 32
2 285 26
2 53 2
3 50 297 147
3 38 107 106
1 242
1 122
3 204 189 227
4 33 239 131 18
0 
1 190
3 174 54 224
1 110
3 188 132 284
2 151 105
2 281 139
3 27 262 86
2 223 176
5 121 130 100 240 162
5 99 185 23 231 222
2 275 45
3 128 196 7
6 247 201 172 64 159 62
2 187 184
0 
7 8 124 198 66 168 85 111
3 71 57 37
3 279 225 123
4 148 48 133 215
4 72 11 12 166
3 232 161 251
4 160 127 112 211
3 195 115 282
5 55 150 216 129 236
1 206
2 16 63
6 276 60 197 94 15 158
6 218 95 140 101 13 114
2 250 108
4 157 266 1 87
6 294 42 244 126 10 192
2 229 29
1 61
4 296 104 272 142
1 182
4 274 135 248 237
2 271 177
1 9
2 243 228
7 178 155 280 288 74 67 137
6 47 167 92 90 77 91
3 97 75 169
3 49 36 65
4 96 290 186 6
2 116 113
6 268 217 264 210 246 219
2 103 34
5 171 109 35 134 258
3 253 193 120
3 256 164 149
1 175
4 257 156 277 25
3 141 125 203
2 200 154
2 270 98
1 46
