21 3094 1214 5457 394 5603 1275 4106 9963 7477 24 4658 8026 4818 6094 5097 5001 5617 8928 5626 3191 7349
26 9091 1081 741 7088 9067 7307 5058 1411 9408 7046 2301 3713 9989 6498 4084 4320 5141 9189 2940 1258 3222 5126 4305 9171 5513 2825
23 3984 1962 188 3734 4269 9269 4829 2214 459 5124 6884 7427 6930 9761 5555 3829 2895 3117 1766 9175 9704 6591 1549
16 4287 2923 9977 7743 7655 8546 3404 4878 5485 9801 312 5462 5994 9331 3727 9074
27 9025 9144 7277 4970 2003 862 8446 9809 9132 8733 3199 1315 579 3086 2759 5726 2277 1446 9576 9791 8547 2265 3471 8267 3324 9529 6323
28 2598 7919 4358 6535 4544 7291 7920 5337 9488 2529 728 2932 1667 8021 9299 1997 7429 3143 443 849 1570 2204 9644 1441 7939 7706 747 929
25 3438 3492 5290 8064 2093 2170 2591 7756 5340 7844 3295 7306 4761 9279 7827 6907 6060 6874 2168 1516 9 8703 5918 2287 2051
26 791 5103 2076 1085 6804 3668 583 8697 17 5628 332 5790 3697 2557 2402 289 8476 2396 502 996 7854 3714 5640 1024 3095 798
22 383 8795 3192 2554 4934 6353 6552 9860 5145 7859 4939 9497 3220 4337 8339 7937 6342 8835 8585 2552 3481 8731
26 9015 7837 3877 1482 4635 8939 8053 9758 8104 3616 8115 447 8640 8032 9663 3559 6242 3570 3135 3054 6678 9884 856 3315 6167 9617
27 54 541 4723 197 5351 2309 4659 9907 7750 9996 172 6898 6940 1711 1730 3717 1803 2845 7505 6181 9072 3927 337 7721 1263 8740 9549
22 6603 3096 4600 2884 513 9588 1256 8884 775 6209 4236 7183 2252 2739 3026 4353 1686 4910 5776 2745 162 3446
17 7007 8063 1791 1098 2627 7222 7203 4509 3182 102 9234 9855 5449 5051 1386 4839 1656
25 4951 1511 833 7454 127 1265 4332 9767 3234 6405 7286 4722 9699 5329 4299 2903 3766 4147 2267 1673 1074 9957 9272 499 7370
27 8036 4461 8736 1677 3361 8931 5121 8218 3684 3790 4801 6813 4870 1589 5674 1658 1183 4832 4644 6745 2800 2460 8626 9863 272 9571 1651
25 1389 5453 1322 9311 6926 4225 4876 5773 1459 6160 8775 1473 2439 1351 353 6958 9150 5863 6793 2860 8039 4855 3272 6593 8119
25 2675 8287 470 142 417 9776 9741 282 5218 365 4620 2578 290 3565 1383 8852 3050 7696 5508 7864 58 2317 9654 8920 1172
20 2683 5943 4736 572 1954 9387 1421 378 3377 8754 9182 6028 2989 2530 2868 5609 1076 2079 6337 6420
24 8544 2741 4095 8151 4091 9048 5159 8007 4465 4105 5568 4748 3014 7064 8411 8309 2307 9327 9838 1937 1848 6818 3894 3169
24 6315 396 967 8980 3046 9351 4452 7068 6911 4215 6428 6961 4042 1767 55 3165 1591 9552 2172 8684 617 5686 1822 455
34 6991 1023 8081 3569 3398 1540 8193 2600 7252 1833 3298 9911 7656 5692 5783 4760 4204 3179 9938 7490 5984 2943 4924 626 1413 2799 3037 2215 52 1827 830 8841 9088 8818
20 2251 3032 7984 1408 7139 5160 7186 4590 9946 6503 7681 9793 4479 3806 9634 9211 4112 918 7594 5470
30 1945 7310 7780 3460 1558 2790 957 6846 5941 6246 4853 1533 1456 6288 6518 8149 507 757 5939 910 7858 9980 9430 2374 1645 5964 638 1528 4645 6659
15 1969 4167 4463 8648 1 6449 4575 7283 3607 1414 8006 3110 3753 4988 9236
29 9807 4490 4677 4405 5757 8491 6177 473 3826 274 7510 3479 2992 4755 8829 1517 4877 4665 7779 247 4475 9892 1810 1978 5278 8537 725 154 3121
25 932 3091 5600 8591 2545 8861 6452 5343 8263 7100 8353 7422 9944 5169 707 133 1466 3518 7607 786 8661 2561 6218 2908 2455
18 8153 2835 2719 892 6705 1548 1321 6658 8426 1068 4906 241 5832 2090 4637 8909 6005 5468
32 1339 9966 8089 7690 7333 4726 8888 6564 1452 4450 8215 6224 2781 1584 5559 3654 7596 2872 2693 669 8675 6928 1449 4995 186 7869 995 9369 7380 4174 1193 2338
24 731 2160 9999 9520 6809 8858 2999 8803 2874 2482 3900 5374 5391 8510 6027 2005 2001 7334 782 3184 7667 1597 5699 9442
31 153 7355 4752 4460 6052 7999 7143 1816 1156 5372 6710 7625 3924 11 4425 9864 5165 2468 3918 1072 2128 8394 2057 4488 7465 9579 6197 2397 6834 3160 5336
25 1563 8833 1626 4607 9526 6141 6078 5557 469 4553 8091 8247 5195 9087 4190 6334 7416 7159 8141 4316 368 3332 2990 1395 2503
25 9572 2272 6343 5929 1447 7217 8660 7818 3473 2901 6664 2720 6140 2147 9830 311 2054 1219 9008 6750 7087 565 9680 2457 4277
23 7059 5914 2664 7353 1417 6854 9724 8484 9249 9180 9313 8597 7011 1375 7494 7037 2232 8395 3487 5049 3244 5264 5796
21 2375 9546 6945 3318 2399 2416 8253 2891 1726 4048 5388 2157 8986 294 8802 1663 5869 4342 7685 7285 9786
24 953 387 3677 1931 3233 5317 8477 6275 2696 9363 2755 3215 7330 1327 1785 6922 3630 8611 8164 4184 3532 8421 9090 6486
23 9916 8691 9220 6477 7235 4758 1714 7764 4581 6061 199 3018 4914 139 7631 8356 7089 578 9232 3399 4998 6734 9268
27 2812 9060 6223 8889 3872 9794 4163 9631 9210 5779 4364 5799 5811 9419 6588 9271 9890 8271 3928 1463 3501 2653 3418 413 7308 1998 6451
21 7182 6392 3978 6641 9375 9436 3849 8298 7579 9215 8685 9608 5442 7451 8883 8495 8505 5408 5977 2451 2905
20 6465 1902 358 6484 7723 1989 787 5797 8277 9473 2723 9947 9498 3254 6825 5795 4568 72 2769 2148
22 5136 1431 9316 5536 6059 531 651 3925 5158 1117 8041 9545 6774 233 4597 500 784 4324 6471 5947 4595 3217
21 7541 4952 6840 4094 8612 5955 7882 8494 9839 8455 8979 372 7121 1808 4214 8217 6101 5753 2553 2320 9581
29 7393 4577 1983 628 2401 8084 5608 2917 2780 3186 7807 3988 51 265 7394 4806 7573 2018 3941 5088 4852 3700 8865 4731 8410 5996 9737 462 1207
15 1467 5917 8389 9700 3213 4153 9225 650 4166 5250 8645 4245 9912 648 253
34 3987 1245 2927 8136 4954 7284 3140 9618 7193 2913 2608 3974 5078 4026 4003 3144 2871 2223 2963 7747 677 1286 9278 5607 9623 9432 1723 9871 6570 8194 7479 5256 3584 2188
26 3423 8946 9368 3389 1407 1674 4161 7083 891 8930 8162 3164 7542 1551 6522 9417 1268 5995 9867 8956 4860 6694 4107 8295 2417 9924
29 7791 8242 5445 822 2620 1904 1379 4370 7962 9026 8715 6900 7787 5729 4300 4713 6073 4759 1909 8046 9673 190 9728 3000 4848 9701 1143 8845 5572
26 9412 9333 7371 5428 5493 2336 525 5864 7254 7740 5553 4896 7361 616 7713 5975 5184 699 3999 79 7086 2351 4874 5774 2193 2085
19 5644 7682 600 8017 1751 712 2189 665 3008 5623 6965 6601 3247 2385 2883 523 4334 8627 7319
22 5579 2760 2985 4582 2732 452 9971 2704 745 7885 4513 2852 5861 9456 320 4 883 6810 1859 3476 1049 7660
19 5150 6544 2487 8405 3864 8281 2104 9668 7665 4880 872 653 6717 8527 7154 2398 3075 6912 2623
34 39 799 1153 5981 9885 3627 9901 501 7265 6178 5419 2955 9542 3602 7757 4030 4322 7720 8862 279 5785 6639 1112 5406 5325 989 6494 6824 2324 4567 6731 3731 4251 2180
19 4875 296 529 7190 4975 7298 667 7676 7474 334 8529 7027 703 497 1039 2717 3696 691 8322
41 4950 8638 4085 1795 1754 6169 495 9610 6726 4203 7090 9239 3114 9203 2537 3092 3543 6744 2153 5232 1573 3304 595 9759 7327 527 3562 6706 8003 224 108 3611 3491 1485 4220 5251 896 8163 6541 8205 5582
19 6257 4523 7415 9167 7450 7759 3194 6271 1259 361 3719 3793 8518 9038 6835 6008 2183 4511 9178
17 5878 8352 5036 8542 3083 9450 2808 7354 1267 5499 2705 3971 5489 7906 4469 4563 5827
18 6192 4247 8556 8716 5020 2673 2798 6767 5510 8595 4274 5405 5696 4021 773 3259 8378 9281
21 3625 5840 9523 968 8987 2495 6656 6514 482 3113 7492 4427 2007 7863 6886 7200 2797 9583 949 8462 2583
33 994 9255 4551 8052 6847 3981 4261 9148 6795 9354 4318 7993 2181 5951 4423 5660 2838 1690 5728 4137 780 5213 8463 2806 3157 4098 576 5855 5613 9137 767 8983 9049
17 7949 6679 2844 2048 2066 5403 3678 2033 97 4108 2432 6490 7220 2671 6802 3664 6256
21 7958 3237 4025 3912 7947 8059 9930 7694 8101 7636 7602 8165 4897 7239 3459 9895 1950 5038 9532 1588 3101
31 2009 3358 5841 3512 5895 7742 1262 1735 3311 7598 2208 5912 8289 890 4542 1670 6219 6761 3310 7730 2914 7074 8925 9962 6946 2528 2255 2887 5194 176 7395
22 7228 5193 2817 331 3059 9252 3163 4572 4205 8587 6294 7198 2511 1699 5144 8261 1419 3929 8772 2743 8812 8033
26 6683 7232 8312 9395 5029 627 7591 8296 474 6095 1832 3407 2688 6788 4574 2575 7144 8820 4266 859 4576 4458 848 9043 823 4937
25 6630 8086 8854 4923 3193 5593 9071 9367 8313 2586 7580 2490 3457 9504 8168 1525 5156 8102 3975 2328 1269 9568 9639 5923 7458
16 4676 9118 3268 1405 1186 1595 5008 4508 8885 12 7147 4329 2493 9956 160 7905
20 6695 7722 2684 8191 9193 7618 1222 6615 308 8932 3344 5426 9166 191 6845 5110 2587 1850 4093 1028
21 9605 7379 5477 2709 3814 3979 9223 6910 4169 5808 1905 8229 8519 7411 1608 8475 1568 6368 5777 8483 4089
21 5602 8079 7668 7876 2431 141 6239 1620 5535 2751 1230 686 8465 6880 3866 3777 304 5395 6341 6020 8167
18 6456 9709 7478 2982 8398 7804 2942 8521 6602 6406 736 9993 8669 6325 3976 5293 1310 1434
23 4771 124 8516 2486 6891 9706 1794 8984 7390 1862 6720 8117 2019 6127 1599 5050 655 7695 7691 286 1218 2016 47
27 955 2756 6344 991 57 7312 9603 4958 3885 4675 4843 4667 5820 5905 8186 2668 8665 7233 980 1107 8786 2986 1782 3776 9453 6995 8454
25 8315 7881 3156 3443 4343 9665 978 4417 9976 3998 4868 9837 4231 5932 8114 4697 1384 2454 6895 5027 1825 484 8347 737 1736
22 3330 7748 2523 8563 7209 3843 6654 5695 171 512 2890 3 7753 4627 3490 9463 6836 3038 3973 7274 6785 983
25 5360 300 3949 8363 4176 9736 7849 9602 9585 6435 4160 4596 4942 4890 9133 1576 2618 8223 7990 9803 854 5598 2430 819 8672
24 7028 6069 1544 2670 328 9332 681 4388 1858 418 9740 3088 2768 8856 7256 9575 2665 5359 7211 5527 9438 9156 6808 4592
28 9738 5612 6663 763 2437 1508 3529 5385 2907 2290 2022 4077 8957 5879 5594 3785 4785 2966 7501 1147 9527 8760 3251 4776 2213 6226 5663 5938
26 3801 3695 351 3346 9616 3122 155 7795 9896 8173 7970 9731 1180 4428 9424 858 4355 5642 1195 4618 6862 6532 3622 6916 1333 5525
22 2996 5993 5794 5246 1610 5167 2920 7442 3739 6561 9376 6830 8539 2984 3689 2474 8054 8192 8896 5015 4104 6123
26 1164 6626 158 7053 231 9707 3589 1761 7942 7921 6289 8438 1308 1676 1747 590 8428 7127 6487 2828 3942 3743 6163 164 6445 7878
24 248 3791 8065 4506 2008 5198 6390 6545 4879 2483 195 4192 6953 779 6225 3274 8942 3456 601 939 1500 517 1293 3496
24 7796 4005 1679 999 9662 6446 3676 6182 2983 6988 9875 4065 3359 2826 5723 9093 5177 9146 4704 4838 4945 6097 7924 1022
23 7716 3969 4304 3419 9833 4209 6320 8124 388 2002 8552 7441 4999 9334 2456 437 8800 907 1470 4836 4432 359 1851
20 7974 6201 5925 9044 7857 1374 95 7164 8704 4656 6636 1304 3004 8981 788 2110 2403 109 2935 1707
24 3699 3256 2634 9277 6969 2497 243 491 6865 1869 8388 6047 1647 2597 8147 3175 561 9115 4414 3564 6981 8533 9592 4978
25 4374 3070 1335 4088 2131 3209 6378 7556 1290 2839 4753 8187 8601 7424 1125 2334 6798 213 9391 9936 2572 4268 8870 8155 5076
26 5831 9695 6493 4646 8188 2281 7364 1733 3629 7070 2366 3379 98 3675 8496 3715 948 4371 4434 5002 5798 9077 6318 2092 4670 8958
29 4279 9029 8471 599 4765 70 6632 9927 1314 8240 4767 8419 1356 3009 4617 2815 4255 1104 203 2525 9810 99 5545 3203 4008 9636 7648 5024 987
31 5187 1801 6692 4194 8575 869 5637 5386 9513 1215 7559 7677 9468 2046 9362 7224 8756 9637 450 8921 6572 3420 9257 6391 6578 6153 4745 221 9866 5022 4034
24 7344 554 7041 9499 5427 6796 2346 7455 1031 9390 7262 106 3025 8128 7110 4474 6276 9407 1410 3204 1159 6139 2738 5684
17 535 815 2485 9883 6003 6475 2993 8121 3681 556 5724 8759 325 7901 1239 4315 9040
25 8236 2736 1010 756 2136 7961 9396 5502 4171 7839 5209 7805 7639 8777 198 947 2000 1367 2476 7317 7810 881 2064 5522 4151
38 4521 965 4628 5212 5871 5422 9140 9153 9533 6397 3533 1513 7778 4585 9685 1660 7793 4780 3526 8588 5013 6114 4263 906 7567 6752 9672 5913 8169 3910 8016 6307 2197 5316 8624 9622 5516 9231
26 2327 6628 6697 5090 2880 4485 7998 6106 6388 7449 9667 555 5810 2725 8051 7071 2681 22 2227 3608 6571 7500 5045 3816 5681 3448
26 3497 7405 2162 902 934 1276 8297 1243 8208 10 8453 6313 5464 3077 9770 8404 4289 518 6920 3819 7069 4757 4612 7887 3064 8617
32 6244 4501 4202 2141 1717 3741 673 6250 5865 1577 865 2926 9032 4805 6667 7418 1360 2302 2649 6188 2734 8384 4703 9850 1110 7678 5747 9535 4634 2863 7903 6364
24 5978 7432 2610 9729 6371 9687 6642 1280 7165 1140 1512 9319 2766 9666 5778 3048 8449 7615 2947 9586 6058 1995 9053 7081
27 3515 4381 992 1702 7783 5053 3102 5352 8513 6521 807 2325 5092 7092 8562 5567 752 1493 5899 7383 3917 1710 7329 1491 3555 8876 9566
20 6688 8125 2972 8219 1412 28 4283 2326 8954 9106 8464 8116 8370 1484 9202 2892 1741 6592 5548 2133
33 7316 1607 8573 5672 3288 7814 783 9361 7413 5021 9170 4809 65 7715 9508 2224 3762 2536 4530 4588 3329 7865 1126 7142 6655 6370 8366 5348 7772 2829 4418 6096 4170
30 6605 1697 115 9218 9365 113 2500 4457 2263 8834 8868 4578 5192 7548 9836 1738 2315 5400 3887 3576 3076 8978 5415 7197 9593 2478 1959 4185 6771 9482
30 3500 6375 4737 6976 7524 5109 2413 2410 982 5569 3170 6168 9891 175 6104 6770 9439 3005 4444 7226 6701 4955 2869 639 4949 8523 92 7391 4539 1534
29 2080 5069 3120 3763 9266 9471 2305 9465 5185 3129 774 1070 8099 3073 1272 5410 1992 5163 7464 5404 3292 5971 5146 4775 1601 6207 7600 4420 4040
19 1649 8871 4864 7830 2195 7684 4327 3257 2841 5361 3232 3015 5587 4310 7571 8251 3871 7499 2948
18 5911 4885 7572 71 8826 1213 2362 6554 7384 4031 5566 6122 7755 4146 7823 5017 6418 1185
39 8246 3623 6000 1780 103 7328 7017 2853 7574 7553 8960 2690 8265 2464 6042 8873 7527 4791 2771 5801 3601 3434 4126 3016 952 894 1871 7338 8210 5945 9987 973 2788 8927 5838 9469 3291 3740 4663
28 7315 4905 4674 7112 3412 3673 5581 5342 678 6760 3269 7018 3957 2144 9628 8423 7241 9397 6807 1687 5067 3374 8436 5031 1865 7871 3196 4962
26 4735 9420 4306 4798 6495 6843 4221 4078 3517 379 8657 4601 7540 1953 2856 1169 7382 5890 9139 8727 569 7877 326 8359 1157 6077
29 3343 3913 2574 8074 7588 1212 8606 1600 7575 899 6176 3323 110 8632 1903 6015 494 5105 913 9410 8023 3432 1139 255 2822 7653 5023 5202 7446
34 9164 8836 1949 2753 4603 8695 3488 938 6335 9065 6 5127 1298 5128 1248 2371 7244 6650 8443 1393 6291 5349 3690 1521 4276 1100 1879 2776 8531 6665 3733 9908 3348 2261
30 9846 7258 8011 3424 4662 3100 2628 7149 8368 9750 9697 9325 8631 8139 6844 7331 3666 6415 6939 5003 7101 7826 3314 239 7213 2715 835 4893 2058 5764
21 9349 1722 5526 5004 2355 8809 6036 1715 1209 3024 4947 4525 5006 3051 8730 1914 1034 5054 674 9260 582
22 91 3522 6675 9194 5454 9080 8762 3441 9854 738 1148 2420 9261 1093 8224 5633 6866 2461 4966 4046 7775 2988
28 9739 6973 5847 2663 2714 4360 6749 9655 4257 5443 9822 3939 3142 8492 5356 6319 384 3372 1364 7511 4302 7504 3119 5519 7278 346 8653 8005
17 1550 7005 457 6746 2072 1368 3087 1555 5123 6050 5434 493 9302 1875 4602 8241 1946
24 1809 4606 4983 7585 8584 2381 7453 7462 1853 9037 1716 5033 1846 3347 6817 7423 6914 8323 9152 1210 4282 594 559 2750
26 9314 410 8886 2361 3002 4102 2262 7151 9001 9562 4143 5118 9058 9502 2804 6673 218 2744 9121 7359 1406 1941 4510 806 4000 5338
21 4524 2710 2038 6171 5164 3342 7247 5463 9447 1538 2729 5688 6146 5775 3962 6858 1423 2225 380 1171 8390
32 1116 4744 7590 3937 979 8578 8848 9492 8096 1295 4097 6468 6007 3289 843 8512 4264 8890 3309 5299 7497 974 551 9176 6080 5327 9873 8761 3228 1979 8662 1095
23 446 8577 1501 4201 3545 6878 993 347 4284 9600 6327 990 1292 2687 5341 586 2831 7123 4440 1011 7271 6709 7078
17 9039 7491 7325 8414 3414 9788 5965 9056 557 7516 6990 3435 7587 1605 7683 4472 1247
23 9587 8025 4419 3245 2150 7907 5634 3097 1436 568 5247 2070 3749 9250 6394 9842 9192 4845 7387 716 4846 9267 962
29 3253 2045 4534 7526 7874 3993 9464 4643 4496 8999 7201 9228 6432 329 6784 2698 8044 7940 5189 3132 5479 3078 4641 390 4518 7377 658 1283 3647
23 5868 5958 9894 6918 1199 2735 8461 2514 1448 6505 4655 1769 7434 8214 8789 8622 2061 4790 8486 9881 2216 9802 7255
22 8307 4476 5750 4862 389 2722 7056 5872 1303 3933 6727 6352 5834 6172 3890 9554 2912 4926 2004 2821 6102 5784
26 6321 7463 8509 7125 1621 5224 1080 4702 8948 9505 9131 2695 602 7272 2377 8275 8621 521 8179 4007 7825 5762 4238 8143 5229 8641
29 8718 4267 8953 4777 4863 1131 1251 8937 33 9988 8380 2692 988 6598 3493 6905 2106 6048 2792 5851 920 7847 4376 8478 9696 6729 816 5179 3411
28 6931 9851 5880 6799 1527 4907 8746 1281 8579 3848 8152 5735 2349 357 8493 3876 4223 8881 8083 7517 1187 2507 6286 8916 8444 2969 4928 9959
29 8028 9222 6540 9674 6942 8964 5680 8035 2175 467 1932 7960 7547 6929 3955 4391 1933 6481 5920 729 6165 8344 8457 9122 1488 940 4515 6329 5459
28 3029 1625 7250 7155 421 2796 1606 9762 2953 6821 2237 3992 2231 4049 1261 9868 740 121 6152 7867 3694 1806 6579 1732 2140 4347 3514 3506
28 1971 6115 3534 781 7246 9887 3124 9651 6205 6185 710 4631 829 3036 8503 4216 5465 356 6529 5901 6944 9033 8969 5446 7789 6892 8924 7231
20 5220 1376 2345 5733 7536 6935 4652 5401 5565 4301 5115 9326 8482 2108 2091 5254 7314 9126 1402 3599
20 3154 3862 6411 4548 441 1299 66 3802 6240 8557 1004 997 5381 9880 2453 4700 7426 7122 5370 9103
20 2830 1289 8974 9781 5227 9928 2898 5287 2648 5012 5367 8630 7769 6555 8970 8991 9398 2446 4899 6590
31 9543 9163 2274 6551 808 9205 1728 1753 3439 1678 5667 1821 4060 8992 3003 8882 8146 1084 76 1096 8693 7872 7552 5533 6310 6536 2922 1397 2946 8391 4350
21 3895 1575 6213 9524 436 4632 6087 8340 719 1642 5749 2626 6229 4773 1681 577 9185 7915 8532 9011 998
23 1917 2445 1910 7178 5486 8801 8977 4927 4625 4803 2337 1129 6424 6638 3711 1922 5852 8262 2570 3796 2795 3299 4609
22 6266 8768 7249 1357 2605 9301 7605 7562 7318 9849 5986 4825 4766 8962 1362 4400 1967 4051 8810 8540 5806 6184
15 5266 9557 8784 3340 4692 5641 2617 5654 2114 7798 2612 6380 3923 7107 1987
18 2837 7212 4438 200 8667 6876 7421 9383 6963 9177 7576 1585 40 6466 5990 7385 488 620
27 2125 1328 6557 7891 6781 7216 4892 1665 9013 9799 2194 2779 5506 9168 8400 2042 3889 1409 1400 2268 5743 1755 6533 1309 4453 8541 9169
28 9556 4029 453 901 184 2590 7417 7943 9507 3665 8723 6228 7508 2365 9400 8333 8140 1727 3326 7171 9953 937 6915 6180 672 3116 9679 6026
33 5302 2582 7475 442 1162 143 4821 5833 4497 4075 3012 8867 7207 9858 4932 5280 6739 6235 2427 6049 6763 3474 8230 3835 8040 6037 3197 5992 7555 7616 5576 7036 9213
24 1343 1184 4389 5046 9920 7303 123 2974 5068 6789 225 4742 6304 1132 4746 3566 1951 2569 976 4023 2300 4921 8517 3683
27 9100 5969 8118 363 3442 2373 4974 2502 6120 1437 4541 8574 1691 2631 9954 8181 166 9113 2171 302 1474 8949 9519 3223 7304 2655 1868
30 8156 2040 2782 3934 9611 6297 888 5335 2082 4122 5026 246 6212 6959 3722 6894 5966 1090 6950 205 2229 3462 8755 5551 9494 9323 2962 3276 8827 2924
30 6983 7662 838 7577 7199 44 3568 5452 675 4345 56 4984 292 6399 8170 9136 7063 8996 4218 7194 4959 7322 1388 7459 2475 7820 1323 4808 7145 5916
30 8804 5873 7875 5019 2146 8534 3109 874 8351 4912 3966 2239 2933 2400 3248 2954 4869 2803 2805 2958 3019 3771 4733 1594 9648 1505 8599 5233 7099 1365
23 1438 1424 2577 7800 3258 1097 9296 310 8172 1478 355 2971 7922 7728 4517 7599 2594 6054 2391 1783 456 6644 3511
25 1652 5659 8316 766 9309 7179 6702 7563 543 7131 942 7215 7482 7013 210 4121 4336 8947 1050 3716 2060 5011 5819 8708 5815
23 3417 1287 8393 1496 432 5204 6608 1878 8590 7539 7965 2142 4495 3385 4211 5222 6919 9595 5898 3227 4136 3828 8943
21 105 589 1872 3218 2077 7428 3386 772 9304 7959 3794 3286 5596 6751 6573 8887 5698 6509 7268 234 3838
33 9686 1731 6194 2685 6075 4128 9626 201 6328 3328 2859 3880 6755 7890 3128 7661 1813 950 2847 5719 5885 59 3043 4090 7703 3905 5638 809 120 9870 8441 1742 4234
29 2029 6453 7627 4850 1477 4013 8458 4004 8387 6631 7365 4963 2761 4918 3803 3706 9062 9538 1225 1888 2916 4055 8283 5588 9540 2964 8038 5093 2241
25 8252 4436 7987 7485 131 8742 2639 1793 6955 2217 9054 5511 847 5063 7158 3147 6984 1142 2602 5892 4348 4045 2637 6210 4312
32 4366 3786 7397 4226 2459 6131 3433 8266 2129 4437 5714 8222 1205 9690 3972 3850 963 1052 1947 5490 5344 5492 1771 3498 6227 6346 4081 5586 4716 6831 1063 5751
28 1604 8362 6634 6848 5228 3437 826 8437 8698 6647 8658 7994 2196 3944 7161 8308 6345 6713 9596 3943 4920 2163 1781 8798 2551 3499 2888 9310
19 1718 6680 485 2310 981 5496 7979 4500 6885 9902 1633 4478 2258 4149 1253 2210 187 196 8976
29 1317 612 6860 5647 1619 3897 4233 2173 7484 2915 8209 1636 6842 5711 1641 5056 7840 1141 7846 1226 9010 1021 445 9070 2488 9433 2031 1779 3045
15 64 8197 6441 5230 5411 8434 490 3134 3482 7095 1566 8371 7470 5761 8911
29 528 4529 6433 9154 5650 2754 5544 5759 2341 9905 1305 8702 4728 5897 7554 5708 2492 9116 6292 7023 5242 6764 8914 1127 7044 8721 5483 7266 5382
27 4339 5807 4889 9812 1882 1772 6463 6339 216 8628 5746 2956 1382 9683 8137 5456 48 4127 6971 8341 2616 6322 3754 6902 8071 169 5498
24 7157 4861 8049 1845 6970 5503 2246 3010 744 8904 2758 7821 6596 1792 2149 4383 5732 8765 5114 1135 3652 6133 9112 3619
24 2065 4114 7518 5399 4240 2897 2659 1668 1497 6356 2877 3341 5500 1122 6814 3410 9254 5679 917 5188 3914 2378 9834 7834
25 4969 393 5073 1704 5665 7708 1975 4660 1596 4406 7129 3758 520 2013 7051 9315 7034 1518 7072 8276 4815 3190 4323 643 785
18 1483 2706 6117 6404 1960 3485 6850 3948 4262 6617 6204 1016 479 3628 3042 69 1026 631
27 4968 2199 2873 4792 6975 4916 2463 37 2961 7495 1008 9598 3718 7352 9821 9832 3205 5532 4558 3396 7138 3053 7369 4811 3538 7439 9678
31 5355 8093 5664 5768 5245 912 889 1428 3965 9841 9187 8416 6748 1523 5286 4404 8134 1854 7375 6531 8837 4533 5135 8967 4016 4224 8528 3546 3873 4396 3795
23 8238 7124 3224 395 5096 5084 844 168 7623 6913 7180 4989 7956 2619 6237 7934 4398 8582 9321 4693 659 2143 5480
28 4120 5292 3938 8355 2394 75 7374 9003 6676 1680 9085 7251 644 5129 3579 6183 3422 8070 3524 8831 8418 1916 8440 411 5313 2862 2190 350
20 1422 3765 9995 7705 3531 6948 803 1535 3904 5962 6247 8304 1522 8686 1703 2846 935 9547 2918 8068
30 1901 377 6515 6684 7337 3591 1390 3454 6762 6956 1378 9110 2556 5727 8508 1743 6966 2154 4826 4193 842 4409 3964 3742 1300 8944 9982 7989 9825 9491
29 5937 9742 9371 6108 3063 1940 2562 596 1197 2524 6070 268 5210 3610 2580 425 1877 796 8923 709 6480 7150 9467 1896 4027 4610 2206 9073 8971
22 7156 2811 2504 3229 7529 3891 1973 9454 4619 1776 4819 116 254 2167 2470 1460 8690 4718 3737 4415 5461 315
30 2694 1058 4782 3985 8982 1526 573 8732 713 2645 4456 9298 4690 2967 7509 8055 692 9949 2763 9084 9306 1958 1151 9440 6520 7894 7569 3588 9775 3621
32 824 1930 1692 2382 9914 9564 597 2115 4684 7749 3691 9840 7543 1720 875 211 4053 4493 428 7168 1811 7935 2941 8799 4499 1005 5122 2977 1266 7448 2335 1175
18 4891 5639 2995 8258 5094 1301 4384 9147 4936 771 4549 6216 4454 7248 6252 5717 7917 746
30 3827 3368 263 9342 119 6311 6875 2257 406 4816 6671 7815 1991 4990 9991 5837 9657 1188 4402 9714 1654 8237 8001 7174 9320 6149 6974 7230 7765 132
22 514 9209 4580 5366 9967 8725 62 3149 560 1666 7811 8451 7896 9641 9421 82 2699 8589 2113 1502 5364 5102
26 6857 8294 800 2533 4772 7955 2878 6290 5424 7950 8369 4817 5043 9224 1277 1442 3339 9179 3123 5174 4024 2938 5147 4198 2952 7281
30 2127 7621 4903 7339 6575 857 3768 9312 3166 1890 5279 2442 3958 1770 6360 6987 2353 1418 6960 7366 618 4664 4365 3556 9496 742 4526 5839 9910 6597
20 3068 8878 9460 7402 9753 6124 1495 5812 1433 9141 581 7628 1750 870 5309 7055 6519 8814 4991 8178
19 7010 8614 3811 701 34 6977 9466 6733 7610 3236 8286 1348 3185 1134 584 4594 5772 7892 3606
24 2415 4498 4239 2579 2220 90 6576 1786 1759 150 7022 136 416 2773 1789 2145 9244 9191 2247 2925 5701 3125 9530 7264
26 8013 7468 1109 1721 7299 285 7388 229 6336 7914 8226 4686 4807 5709 3445 8849 2592 9620 9573 4657 9401 9441 6794 4426 9009 6283
31 4709 5358 7412 1345 3824 5514 5740 2842 4056 5371 6412 7931 3767 8933 2802 9287 275 5678 9951 5521 2505 5472 3582 4275 4073 6962 743 6434 6612 6660 9819
25 9034 9688 7967 9550 4331 5973 7 2678 6351 7267 5057 656 2613 3173 702 9345 3388 2546 3542 8095 5277 4678 2238 9173 2718
21 3541 5517 916 7709 8459 4774 7148 9964 3235 496 408 6044 9083 9214 1372 3069 7904 6698 3860 8583 8643
31 6430 3750 8004 4794 1229 1547 720 2448 9338 5823 2656 7062 5151 5538 6299 8821 122 7633 6457 4724 8830 4259 5849 3467 6586 8108 6997 3353 6174 5018 8832
30 9409 4849 278 1073 6366 3709 5206 1371 1639 6546 4649 7152 1130 769 8602 625 5494 5874 2226 8122 3484 4882 1035 7362 398 1242 5402 3830 2700 5081
18 2850 3356 9503 9525 8076 3788 3451 2282 4900 1556 1270 3376 2816 3034 1986 5504 9318 873
26 1719 758 9918 4751 7115 50 9290 3306 9078 5219 2422 6737 2242 2936 3729 7911 3782 5077 604 9270 961 5416 4940 509 371 5765
18 840 9800 8159 1565 2348 2518 5460 2550 9747 1108 88 8383 4516 6416 4133 1884 2820 2928
27 6386 73 9511 6129 236 3636 7206 7966 9597 9022 6016 3756 6269 4608 4894 6081 1174 9960 2682 4672 8257 6657 4123 3641 9109 6361 4380
16 7399 3284 9536 1189 1053 1614 7487 8474 9280 7140 6230 8062 338 4570 3115 5946
30 2313 430 9399 146 27 3285 262 8806 4401 4554 6248 666 2737 4357 9428 193 3305 5595 1834 6306 9052 7378 4642 3041 6599 370 3085 2978 2111 679
20 2123 7568 170 9635 6998 3167 206 4750 4935 4828 7114 3281 2421 5101 9754 3006 7084 4840 3688 2973
25 5082 2424 6768 6537 6921 5787 933 8788 5100 8073 8507 6483 3421 4373 9392 8042 4369 1123 8176 9130 1233 1006 1313 9307 2367
23 8811 3261 4177 5307 6262 8479 9604 4164 2615 6033 1086 5523 6868 7016 7926 1094 3746 2444 9712 4822 9719 6872 2571
23 5883 429 2477 8668 6066 7311 8647 9772 9221 343 6040 3832 5597 4314 3262 6883 4666 4411 5368 6274 4859 4796 237
16 7589 5577 6142 8406 7799 7085 7196 3468 277 4281 7229 3884 8415 8706 6089 3879
31 258 3334 1799 9574 4303 7782 180 2086 5529 431 732 8399 2426 3265 6735 3489 8965 813 3327 400 9105 4197 6833 2527 3461 3176 5998 7978 1613 3851 8676
39 4856 6871 1863 8900 6410 8175 4467 6175 9501 4293 6443 684 9104 5052 6032 6903 8460 2970 6261 6539 6897 6074 382 3755 687 4532 8823 2010 841 1661 3908 2866 1198 622 1582 8646 4308 5321 6296
22 5611 5425 6068 6162 3084 5252 7856 5862 8302 610 4933 4695 2904 7902 6607 6517 2044 8548 6417 609 3560 2109
25 3674 1616 5584 2191 5120 5953 4706 83 3447 6024 7842 7026 4961 921 107 3679 9790 4352 1432 3271 3239 4823 4148 662 8797
24 6110 4010 339 5322 5900 1562 1461 9945 2249 5882 3847 6222 7483 3837 319 5458 6082 3592 1883 9066 5715 9384 8467 6839
25 1471 6454 6308 333 6091 641 426 424 7739 3986 8639 8015 7669 8386 4252 7320 6105 4297 5512 3615 1705 4922 1121 7019 3752
23 635 1545 7988 5294 3967 2896 4972 1088 1923 7809 8365 9921 487 1612 693 8346 8935 8554 7137 2030 7688 8613 4455
22 3892 7658 7758 8966 8127 6157 6355 7401 1089 7806 9859 4689 6400 8988 3813 9978 6497 5433 1029 374 2540 9561
29 2893 4228 759 4351 2522 6135 8048 9629 4311 5676 7622 5573 3470 6772 603 477 8120 6179 6330 621 2689 7294 5524 9768 9414 7321 9258 8699 5173
26 4200 9780 2383 5444 2712 1520 1671 7332 9755 2786 8847 5095 9293 2508 7488 8712 3747 2203 6295 8008 4707 41 7309 6569 5515 6001
26 860 2230 2097 2532 3365 817 9746 6686 2810 1366 6543 4070 7718 2621 179 6604 5297 3027 7649 9099 1635 3712 4043 3214 1191 1044
28 7604 3578 1634 2767 6759 2278 3513 3963 3345 6738 7342 5902 6331 8221 9422 6964 8526 6014 4321 2098 9230 2603 2573 7136 7119 3769 8292 6553
37 5592 9937 1427 7972 4103 9082 986 8749 2435 4061 6055 3708 6786 2489 4824 3409 367 270 9853 5357 5967 5844 1586 1956 287 3846 251 6401 570 2130 8020 4446 6934 4953 6300 5466 4941
29 2438 6933 4483 9985 2834 1701 3685 458 5987 2542 1060 4734 3553 9020 5552 6968 1938 7969 6618 9625 5318 2250 3364 1250 9570 4979 147 4020 8043
27 1083 5884 5562 3659 2944 718 2472 6693 1885 2843 8067 4756 9669 3103 9229 1161 8713 7570 2271 3444 2632 2205 9970 670 2347 8469 9157
24 8154 4783 5032 7358 1279 8567 5398 9240 1756 6863 5826 3287 3322 7141 2848 7270 9935 1980 6699 8376 9877 4484 4062 8131
18 6812 2661 3875 2450 1079 6387 2509 3098 6927 4788 1234 1385 6499 4022 8111 2406 7351 6284
29 7242 9423 5910 4587 1472 5035 5610 8659 8787 7522 9006 8501 8997 61 6538 5226 4739 1823 2467 6383 2120 4552 3426 1615 6241 2980 4178 1077 8092
21 9016 6938 7712 306 3833 7346 1099 4673 4328 4292 1775 6526 8110 6103 5418 640 831 3692 4069 2494 8133
28 5059 6132 0 305 2516 9446 8525 8456 7704 8321 5590 6841 4036 2968 3082 9336 9123 8634 1037 6513 4835 2069 790 6393 2392 8087 3072 6646
28 7204 3597 3028 8497 5139 1503 5856 1020 4372 6144 3907 5694 8488 1204 3296 9824 5495 6190 1252 9671 915 7006 8560 376 3797 3319 8126 5334
24 7647 7586 9162 4520 8185 7496 3436 3316 5182 1952 9541 4125 4249 3212 8866 3702 4810 4871 6621 776 1541 1425 5731 8002
29 3787 3290 6041 5025 1683 6881 4002 1092 7227 4050 1994 2259 7146 1480 1027 9172 802 7929 6268 3612 6273 8190 6516 6195 6567 4611 789 2068 7643
24 5154 3667 5295 3278 3066 2449 448 761 313 1038 5889 9035 3225 1774 8950 3183 5858 7257 8148 1694 7528 7404 5616 2343
35 6696 9495 1346 3516 7357 5803 2316 6128 8561 3856 4741 5952 9764 3313 2095 9372 593 8282 5333 9929 3297 3390 4715 7295 7210 1999 6034 6941 3936 2083 4931 2836 8490 4150 6574
19 4158 5661 4814 8157 4117 7853 1712 8898 1291 9828 3177 7963 1870 9886 7535 9721 4589 9675 2660
19 3594 5 3039 4273 2584 9986 7992 137 9580 1531 3869 6797 9359 2102 5818 2787 4904 174 1740
20 7595 7288 1919 3294 1886 4072 2611 885 6472 4294 8535 3778 4379 5111 8671 682 6017 4985 8570 4435
23 7502 2405 9806 1202 8504 7746 392 2667 5238 5241 2680 5488 3200 3648 3854 1758 9344 8433 9745 4157 1396 1036 2596
26 8664 4037 1988 2900 9749 6267 340 6877 7336 9046 5867 250 5396 6873 20 3687 8869 8581 9847 7991 6792 177 9069 3660 1381 2297
22 3240 1115 4616 6622 7637 9303 5620 2286 6549 3275 405 6221 4881 9531 8082 8235 5903 5429 7985 3745 8233 6859
24 3357 5288 9752 9350 1042 1504 6324 8343 3726 7503 1646 1221 9023 5896 6438 908 544 3698 4938 2576 9041 4651 9059 9353
26 4397 893 3035 927 1106 5216 8335 4392 4290 2679 4386 5168 8373 6338 9275 1179 7657 1762 7624 7537 6373 4973 6458 101 5393 960
24 3178 4260 7544 9933 8447 1514 9324 5754 3480 1041 7240 9308 7700 9117 5991 1609 9650 29 8893 9955 8199 4599 9829 6231
24 8945 8757 9160 295 3403 7030 7103 8973 6721 9380 9590 8420 360 3855 419 3808 1358 2785 6787 9063 8673 3382 6563 8892
27 7698 5161 7785 5467 9544 3464 1578 8291 4087 2686 5249 6470 3604 9677 9200 2332 9691 385 8012 8244 5451 4482 204 5671 3013 1144 335
25 1067 4124 5843 5742 3991 8572 623 1745 1737 7345 1787 4296 8650 9143 1598 4917 9183 5484 5273 690 2987 8853 3416 8623 2308
32 6651 5961 4538 6025 8473 4956 476 4187 6004 2599 6869 6431 412 6301 6367 642 930 1244 9553 9656 6455 15 4064 8183 4591 3920 9711 652 9500 1765 3431 3503
29 460 6467 8790 3780 9558 249 3402 8232 9263 1307 1056 7188 2032 3947 4884 6408 5397 8644 4271 6474 4613 19 3549 6661 8206 4682 1019 1637 3520
28 7635 5066 4416 2526 9124 5042 9120 3815 9518 5786 138 2809 8000 5261 2243 7243 7381 4330 5086 9919 3080 8225 1062 6277 2288 7641 3552 3563
29 7732 7735 5176 5296 4058 8403 8367 9027 5734 2027 9818 3293 3430 9165 6358 7558 5030 2026 7632 8903 2165 7440 5437 5430 5071 4732 128 8269 182
30 403 4763 3931 6134 8077 163 7134 9827 6489 7280 1966 9684 5104 2867 5940 6381 1915 7538 4141 3909 6189 3449 1927 1435 1993 4278 288 2041 7531 4173
19 6067 6298 2997 9653 5706 486 2161 2875 8213 1490 7489 5934 649 2294 6949 9086 434 7108 6379
26 3226 714 5131 863 3536 540 7287 954 5999 6191 614 4648 825 4586 2765 4996 3961 8720 7214 8515 6099 6904 9661 8027 2496 5722
13 4359 3952 1342 3282 7845 2549 6349 2501 5824 5606 2176 897 4827
36 1101 5197 5968 6427 9462 6979 5162 2854 6562 9135 6906 2094 4076 3303 7237 4747 7096 9425 2902 5255 6829 6501 8538 1543 2025 9092 49 1529 3573 4944 2100 7261 5666 5574 9925 9388
27 7000 4082 1201 7812 6506 391 598 9865 6806 1450 7650 911 5303 6309 6057 4502 9248 7223 958 3935 2979 1644 6107 6623 801 9379 5651
20 7323 7077 8744 2116 6896 1336 5631 8331 3320 5089 1454 480 4569 4857 2651 7734 7532 9614 1970 4144
29 5835 5537 2783 7031 2024 3704 5383 6116 8553 547 7741 6823 9640 5203 5836 3007 2359 5770 5988 3055 5196 7376 8929 1479 3682 1071 6347 2407 6867
29 8381 6251 1440 4033 9386 3922 624 9601 2672 9693 5816 5272 6625 9340 5365 5560 1985 5669 1836 7699 811 9434 7172 5392 8995 5113 6479 2593 9370
21 647 9771 9000 8791 4781 4207 3350 2423 2703 1797 7341 5589 1768 5894 4898 9734 9435 8358 2543 7253 354
33 1800 9676 750 3590 8994 9751 2633 439 1805 3455 6584 3921 4014 1403 1146 7916 5312 6419 4546 6711 5881 3723 7836 1331 7612 3450 3686 1475 3732 5960 6332 9356 7360
35 3537 7754 6396 9449 6512 5817 89 1506 9904 5997 3429 1227 4522 2950 4561 3997 9948 9273 1124 3238 7436 6062 9726 8031 2372 8014 3198 9735 6662 1246 7936 7976 5877 2870 5282
23 5738 5690 7132 6243 2567 9024 1629 3331 6728 5148 4708 3680 1675 984 8325 2512 7868 6076 7420 6492 2330 1273 9632
23 8314 9514 7396 4285 1054 9378 8430 8328 181 1804 9733 9415 1542 7727 1939 7403 6362 4130 753 7054 8204 1237 4179
38 685 245 1590 5963 5791 7768 5373 2641 7829 3216 9394 1235 1326 3842 5875 2506 8392 2519 8773 5438 7673 8250 7060 5922 8161 1560 5712 8317 5034 238 5687 8260 3919 2028 8616 4439 7452 1260
18 4361 9348 4387 724 6993 7118 9577 5439 6046 2832 1554 519 4679 4286 4135 2498 6707 2814
24 4887 9551 9778 3111 423 615 9357 805 3670 9328 8951 4725 526 4341 903 3859 3263 2017 3874 6582 1892 3477 5976 3661
30 8201 6426 9382 5505 4519 2236 8748 2156 1965 5725 3181 2184 7948 9509 2244 9184 2409 3603 6085 1763 130 2376 5788 8750 9138 6811 4873 8522 4038 4535
23 6084 3893 8850 4605 280 5201 3672 9238 7608 9510 8938 4172 6666 5421 4712 4217 3693 9158 6542 922 3571 9773 5215
18 4512 6093 9475 471 5629 3405 5112 698 1638 9095 4410 1316 8880 2807 2789 6079 5301 7619
13 7523 820 5575 9352 3805 506 2541 7386 1819 8576 5850 4784 9079
24 7324 864 4168 3112 3968 5175 5979 9594 8280 7996 2606 530 9682 735 9246 4132 7025 9744 481 4584 9615 6852 4001 1830
21 2823 2418 3071 1918 8551 9563 8753 7784 192 8407 407 7582 6682 422 463 7617 8200 5828 4403 1981 8891
33 9197 2728 2014 7925 9528 7707 846 271 3397 9021 2635 1695 7886 5170 3452 4489 1963 7952 5061 9814 2139 4317 3283 2386 381 6063 2774 4564 3600 6287 9522 1664 3809
28 3865 6649 4573 6864 1669 654 1178 6820 3020 2081 2876 6547 8709 706 6285 5380 2339 5700 7021 7116 4175 2388 4235 4504 6462 751 1430 5060
22 9816 4459 194 1510 6045 4431 6989 8498 7347 5087 5271 1489 5441 9030 2614 9151 6640 2053 6233 7726 7968 4980
36 1631 6460 3551 74 8922 2998 2801 8598 1567 695 1319 6363 3669 7986 2563 2192 2303 1943 7480 1017 9487 1907 8227 7710 562 2264 2666 3138 461 6166 1444 7300 6038 8144 7997 7644
23 4799 9694 3264 2253 7675 7852 538 812 3861 6369 4462 4653 7879 3995 1420 7082 8097 6879 8936 5305 5137 6018 6354
26 7515 7045 810 9900 2369 7719 5471 739 876 8607 5802 588 3031 1373 6613 8993 3834 6170 3946 1977 3150 3380 3266 6800 8912 35
32 1552 2304 9638 2960 4789 5217 1394 7373 3023 3136 6648 4421 8431 2747 7039 6196 8763 7980 5583 5656 5178 7160 5041 2642 5298 227 4154 1254 5825 1844 5624 9330
23 4006 2207 7433 1847 5099 3956 8851 9451 7238 6421 4113 5716 9798 7177 2595 8228 2643 9452 8361 5240 9295 4442 362
23 9941 629 1288 6053 2228 1587 3577 7389 1706 8543 7282 534 6491 483 9869 1404 1657 4408 8145 9760 8555 8739 6947
32 1149 314 1852 8274 7301 4981 8604 25 7367 7659 8318 6577 9506 3761 6469 7883 7029 7689 9903 6464 9406 6409 7697 2565 125 4333 364 9341 721 5379 2036 9149
22 8413 7091 6724 1709 754 5530 5149 1814 5857 7073 9934 145 3748 3378 226 6766 539 6861 6747 9486 7225 7763
17 9264 8629 1700 3384 8794 9646 9630 409 9274 944 1802 4100 2757 324 8586 5375 6534
26 3478 8636 8332 4241 3587 8625 8150 8605 2201 5501 5491 6450 6685 3509 563 5853 4749 6270 778 9715 6357 5432 8879 3057 298 7245
20 7738 7481 1912 3772 8342 4071 936 9906 5075 855 8752 7899 1455 9718 8767 5048 797 792 2370 4346
17 3639 8502 2357 8129 77 1826 3187 2441 8480 6600 2646 7066 3710 1913 2015 8683 9584
23 1398 2662 8610 9111 269 6510 4111 2930 4099 700 4566 2312 8815 6012 4367 9652 6610 9443 5792 2929 8109 4256 7067
28 6558 8998 3505 1648 2311 8728 1602 9427 4378 420 7951 8182 4688 8536 3662 2885 9283 9403 503 8357 1688 26 9125 3618 5767 970 5800 4441
19 9826 2513 9981 4109 7866 3744 7828 5080 606 6253 5741 1618 7015 6282 2117 956 6500 5739 1347
28 5926 1170 1643 663 5330 1211 1465 9129 7701 5326 6719 3539 717 1334 3724 7080 7733 4377 9286 5621 3363 2099 9548 2959 8010 9779 7801 1133
23 8022 8301 4622 4720 9917 7506 5450 8429 4668 689 9256 8311 6444 3784 1059 2073 5116 6303 435 3878 9797 5542 511
32 1564 1003 8326 5244 129 5390 5957 5752 8030 7109 1592 8596 9055 2280 7873 6071 6780 4134 5481 5300 9097 8377 1150 8057 4433 5253 9068 2510 8090 4183 7167 4017
20 9517 1895 9478 223 2724 6972 8029 3820 9405 8692 273 5072 8158 6208 9036 9347 1464 8825 6730 4258
31 8926 4842 327 770 4307 5064 8719 7170 4614 7343 4687 9253 1856 5933 3940 1519 6674 5346 945 7545 5985 4902 6263 4295 6703 3300 9284 6293 8906 8819 1894
21 78 613 4830 8620 4669 6741 3375 914 9089 9102 3898 1220 348 9265 2118 7269 3550 1849 6083 3352 3090
20 9702 9064 2342 9002 4101 5258 9599 3593 6870 1238 6459 1841 7065 9923 2879 6202 2340 349 7808 3255
28 9723 4018 8822 9769 2322 152 208 2318 4540 3781 4661 552 5171 7408 7460 4654 6853 1154 5394 7620 1807 1312 3145 9708 8714 1046 4545 5183
25 925 1921 8212 466 1498 4222 283 1622 8514 5507 8085 8427 7208 8751 3902 909 4470 415 8592 7313 3337 8123 8019 3146 2103
28 336 267 9413 2425 4729 1377 3572 1278 9940 4186 4556 5520 5339 2436 1332 330 3773 1944 3535 6777 6765 3351 9262 7472 276 7012 1069 7102
24 2132 468 3174 5039 3643 5117 2306 2331 7927 2609 3089 6238 8272 6259 3126 8745 3870 1232 322 5234 2333 5748 6619 4298
25 3586 9019 8828 6092 8874 5919 4063 9201 9114 2096 1223 6523 7105 8324 1571 2187 4800 9931 7052 2731 3052 2284 6150 564 3195
18 1746 9288 1580 2581 3632 6890 6065 232 301 7895 4180 2011 3705 7597 498 5710 4199 762
24 86 9226 6559 7135 5564 1881 3466 7410 1893 4468 2886 8442 5720 6595 7692 4080 8061 3701 8919 3210 7824 516 9961 2547
26 1617 1524 1628 2746 715 8737 730 9416 5760 2 7654 5417 8780 4313 3280 768 5223 6611 898 3764 1920 6838 4795 1708 2778 7519
27 9431 32 8350 827 8468 2050 1725 3030 6715 1078 9645 9642 5130 438 9713 1369 6609 3930 5065 8259 8877 4886 5655 6260 8776 1355 7293
30 6236 882 9777 1013 307 1118 7981 2701 2520 3425 5274 9876 3888 5906 5134 3373 9716 5662 9796 9005 1181 2640 7425 8677 6249 4579 1231 5614 9521 8320
34 9789 5804 8689 7638 9297 6827 9437 8499 8180 3857 1842 8959 6708 68 1968 8899 7192 9785 548 3525 1537 260 4911 36 3495 9984 793 4507 2256 861 9808 5944 4872 3061
27 6736 7898 2186 851 7043 9539 6437 1864 6967 3760 2721 8305 464 3792 8838 3521 6700 4705 7945 3637 5648 4349 1051 4395 9050 536 309
27 5409 8417 1874 1957 4847 6982 5886 1443 4505 3371 94 4015 4375 266 9461 427 1829 8066 4971 8609 8651 4694 2075 3494 375 6121 8666
17 4162 9932 4356 7679 2840 6832 9607 8189 8696 6742 5262 4430 7514 7486 7326 8985 2182
22 4059 112 515 7802 9076 5474 3614 3651 9783 2088 5554 1698 4967 5691 1200 9998 297 3983 5231 8470 1955 6316
24 1655 1820 4854 3208 2447 8568 7173 4802 6952 117 2555 4145 3903 5670 4565 6302 1739 1453 2354 8682 2762 1192 7672 6645
22 111 5677 9515 7032 2484 7642 8489 8915 3624 951 1492 5970 2279 1880 5630 8897 4503 6776 704 6723 2212 9973
21 6314 8792 8774 5270 6215 6010 9882 6281 9374 6429 9128 4083 8558 4412 8618 8198 5248 5891 8435 5908 6689
26 9619 3839 6528 8300 9242 7770 1091 1145 9208 5350 6889 4242 5959 2548 828 6200 8075 4152 5269 5319 1012 7566 4335 2558 397 7601
31 1817 7002 4494 4683 5263 4188 5005 2124 7079 2894 5668 6909 6635 2864 553 4841 9145 7443 1255 7414 2607 3646 8655 5079 3863 5546 9190 6525 853 2601 9096
27 6581 9613 7578 5689 524 5265 845 6652 440 6317 1043 7702 3757 5860 8593 1855 5423 4191 6769 9915 8860 264 5556 3011 5028 5155 7058
20 2827 895 7717 821 9852 9844 3504 6504 1000 4768 5730 1284 1128 8485 5949 6088 7406 3483 2945 6011
31 6214 5625 3736 2152 9743 156 7686 207 8901 4562 3168 2084 4691 1196 6496 1961 6002 4230 4623 1499 7445 3392 7603 4265 4851 7752 931 5842 3099 696 6280
21 9670 7995 1897 5208 7790 3547 1928 1713 4074 9455 3638 5140 6670 9285 697 8166 5320 5509 4009 4393 3825
23 3728 5308 7724 7234 3246 6258 3047 9722 6508 760 1208 4647 2185 9014 134 7611 8202 6086 8913 9756 5907 1033 9479
19 4710 2390 5737 5000 9181 9329 2056 985 8840 6782 2784 5713 683 9445 795 5315 4754 8135 6482
27 4115 16 8018 2499 646 3585 3260 3172 5755 1065 3510 7932 4142 7848 5387 6156 6826 4270 6423 3021 866 2047 591 7075 9402 5854 1353
23 5331 8902 8726 634 8807 6398 1798 630 3366 6620 5389 3575 1061 6556 8594 2408 9198 9512 1120 4946 8058 1984 8382
29 8103 8955 5822 4982 2708 6616 7001 2356 1426 9972 8530 7629 3202 5888 7822 4309 219 7850 1964 3799 3231 3044 6637 2049 7664 104 2939 6790 3472
29 478 4865 8500 63 711 3574 877 1536 2975 4833 8989 2647 6485 465 2733 533 4820 6566 8047 1866 3338 5328 3996 3595 3800 4719 230 6035 2730
24 6980 9560 2949 8009 3465 5578 6051 3783 7162 9609 6439 6560 8432 1476 2344 2443 9872 7975 9444 9878 8288 6272 9898 5705
18 966 5780 4844 5635 3519 5982 7175 2951 8279 9061 7912 969 972 7372 1689 6217 5347 5363
30 9364 38 8895 4229 3333 9493 5332 1387 2889 2791 6407 3950 4079 4992 7671 4466 6100 9484 6155 664 3118 87 7786 9051 8256 5285 3901 7219 3383 9582
30 834 3954 2909 3527 4445 5718 4837 3583 7680 7593 574 8452 9206 2818 1561 5207 5859 1325 3845 4047 8506 8511 607 1359 6779 5205 1329 7930 3645 3817
22 804 1764 1439 1182 5448 7263 4866 165 2137 9843 5693 9199 9459 2910 4778 8264 9186 3440 7348 7761 5893 2078
29 7512 3079 4451 611 4448 6203 2539 6887 5585 7498 837 550 4888 220 8425 6382 7400 6326 9127 8571 5846 2906 941 7651 4471 8284 9389 9247 2105
17 5268 5622 5143 1777 4195 3387 9909 3720 5543 8 2568 1429 8396 489 6677 9477 7645
21 3056 6384 235 259 2211 8174 4246 5646 2159 8564 5805 3703 9612 6031 5221 5924 5354 2254 4786 1007 5972
24 2429 2713 7957 5440 2881 1240 7184 5821 7469 3105 4291 7467 3951 4118 923 9633 9216 1840 9057 1530 402 3302 2052 8635
21 9692 1934 5954 5353 2534 6090 1380 3959 6137 9720 1861 2772 4039 794 2179 1040 7889 2389 6783 504 9366
28 5627 8735 6158 3631 1354 1593 8069 1416 1996 6448 8633 5098 8758 2674 1249 3663 9879 5257 6882 5721 7897 2629 7725 2112 3836 8710 2273 2770
20 904 3067 9649 2296 5702 6186 157 5478 7819 2240 5132 9282 2384 8171 7609 9429 9717 1572 7670 575
24 7813 3158 4182 4629 291 3561 7941 9404 2585 7900 645 3325 3656 1166 2849 2283 2135 3640 4399 7831 2174 2481 8375 1340
23 4155 60 5904 7456 836 114 2727 1002 3106 9047 401 8705 1137 549 2059 7973 8466 2855 7430 7564 2588 2624 3779
25 4831 1318 7368 4464 900 2126 135 7910 3159 9360 3321 9997 8037 5040 4057 7841 2937 6936 2393 7861 8649 3370 5190 2023 6154
24 5291 4633 8679 3725 9490 6681 4344 3130 5866 2358 5376 6606 6145 1873 9241 8278 5199 2275 9134 5310 9763 6672 6013 7042
18 7546 5085 4477 3567 1168 2012 1119 9555 7297 7290 8824 6376 4232 7117 8872 7736 5239 5138
27 2452 660 3152 2164 7466 585 321 8285 6305 4698 96 8857 2087 7020 8255 8738 6951 7169 3040 5558 6072 8565 2234 7340 9142 2716 1693
35 4943 2638 8722 971 9094 5186 4727 7057 8401 8654 5267 100 1748 4254 1274 4681 3188 1539 1611 1898 4965 777 9219 537 4052 9820 45 9245 3523 7048 3557 6653 5829 7530 5306
23 8113 1507 733 6714 1155 1350 1105 8105 3349 8608 149 5259 4067 6923 3759 5070 5636 8863 9994 879 6978 7666 3241
23 5599 2020 2794 3852 1048 212 6403 6524 9377 9765 7176 4165 7296 7008 6043 2630 8338 6019 6151 3775 4638 7803 7061
24 5497 1935 3206 3774 6125 8968 9710 8450 4555 7292 3074 8424 2245 13 1025 9195 8142 7525 3401 1349 9012 8766 3886 21
24 6359 3953 5830 1684 303 6029 818 3148 1190 6473 3279 1399 3335 3530 2299 4237 814 5931 2707 8422 619 5652 1194 7093
31 1032 2218 3017 9621 5876 8961 7760 2566 5091 1458 3413 4721 2350 7205 2379 4812 7767 1297 3107 7130 6996 7461 9418 8195 2101 4443 5180 9774 8711 6138 1569
20 3649 42 1114 118 3609 587 4413 366 4035 8717 7185 414 694 6385 5845 7187 9725 7549 3558 475
22 4919 6098 6245 9276 18 5014 5936 1972 214 5476 7751 1824 9448 1494 8050 7870 8234 9227 7561 2726 8549 6478
27 9958 7646 1206 5571 749 7409 7714 3853 4139 2625 5324 4671 8734 8412 657 2742 2560 9811 4044 7419 3162 1583 9757 3508 6264 7880 4394
22 6023 4598 4189 5763 6716 8694 9730 8908 1744 9862 9291 1876 6822 7776 7493 1623 3127 3022 7120 2691 9805 4630
25 9335 5304 7356 2293 1672 4492 9983 2491 1974 6691 7744 3058 3139 1306 6193 6550 2899 9373 8990 183 4957 2934 2677 3821 284
28 5570 8580 3770 1546 5601 3818 7166 8239 7781 4131 9485 9119 6669 546 6211 4340 6278 764 9289 3658 7533 9457 4486 7888 1948 8249 4738 4491
17 1177 1391 9018 1481 8859 8545 6888 9028 2107 3916 7279 5956 6937 215 5420 9537 6109
32 5781 5016 7513 4159 8566 8045 9559 9643 8372 6147 9899 3108 6507 2062 1165 3062 3201 5107 6333 2021 5974 2039 9856 1462 4929 8348 4368 5125 1015 2434 3844 404
19 3721 6164 2166 1457 2535 2202 1236 6413 8211 1487 7613 6908 2981 1363 4858 3915 1337 7944 5225
17 3977 4699 1102 605 8688 2071 2221 9426 7106 5928 4685 9212 1030 1757 9565 281 2387
18 1889 542 3001 6530 8364 4390 6643 1173 7473 6173 7731 2658 2360 3807 2433 5447 5707 9075
32 8569 173 3960 2462 1344 9815 832 1843 1160 2235 5756 3273 1228 7918 7855 9578 8220 571 8293 2775 261 9990 5166 1264 4116 4140 3369 7004 4487 7128 5813 9835
29 3735 6992 6198 6568 5044 7471 1158 3840 344 6389 3990 7259 8080 8360 9893 8652 4909 1990 6030 2711 5345 8245 9381 8663 9567 9251 8769 4550 5632
26 5431 959 3317 7181 2976 7049 5473 1906 6279 4219 7838 868 5260 1082 5047 8805 1581 4250 3970 5591 6999 8783 1469 2650 8060 2291
24 7634 8303 3823 5284 3415 4363 2465 545 2531 6254 2740 7097 8864 4210 8385 6022 3360 8782 5436 399 2155 4537 510 8600
18 6265 3598 3270 946 7104 7438 7521 6743 6917 6350 6255 3221 2697 839 8336 4385 4793 8781
38 3989 5935 3362 6815 2480 8875 6365 3400 4213 5414 6773 1066 2833 1579 2200 3581 2404 1778 6234 6548 433 7076 323 1818 148 9470 6199 6377 4701 6461 8203 3882 2292 5643 9569 3219 2861 9591
20 3137 23 1509 1167 9831 4096 7476 6624 6056 1624 8559 2604 342 7832 8603 5697 185 1653 9161 8680
33 9664 256 636 2965 1113 3635 4804 4528 9098 8078 4407 5055 6064 5435 765 4987 2074 9516 8327 3211 3463 46 7835 2911 8254 4129 5549 6801 5157 3671 1796 7773 8855
27 7447 5534 5769 6580 4382 8231 8907 9292 4527 318 7652 6816 345 4326 4181 5649 1559 2006 4011 6690 8843 3065 6159 4473 9101 2654 5475
22 7933 3906 189 9606 7557 1285 2652 352 3475 5771 2414 9004 4288 6585 4583 2564 878 5870 161 905 8330 4964
28 2266 9358 505 1887 708 7113 8656 2319 9922 9703 8445 3207 3650 608 3354 661 9458 8917 8910 2209 1976 7047 2469 8112 2089 2169 3804 3634
27 4925 4243 6893 6954 4354 6627 7674 6119 6758 508 2314 2819 9174 5561 2813 6136 1302 8072 8273 3381 2121 668 3336 4560 9748 1001 8310
24 5083 7893 5948 7191 1632 4272 5211 5930 5413 8098 373 1891 9355 7111 8177 4626 2471 6756 8808 3458 8100 887 3751 688
28 67 5455 1047 7953 217 6372 5009 3868 3502 5703 7640 8724 3822 167 5848 4895 5540 3926 9965 8132 3644 4480 85 472 7816 1682 2138 8785
21 8793 1982 7606 5283 6754 9969 7014 9689 9992 3428 8094 7762 1724 3738 5531 4976 6442 7550 1241 8934 1111
26 9204 4424 444 4086 7302 2479 5108 1929 7964 1087 5604 2882 2411 5152 2270 4208 4650 4559 1839 317 7923 5605 8940 671 3427 5276
23 8439 7592 3355 9589 1415 5541 886 5106 7851 30 9782 1574 1650 727 5782 8345 6849 4977 4212 1837 5378 8397 6740
30 7024 8329 1294 6614 680 2957 7788 6565 2289 9207 522 4636 3605 7745 4156 6312 4481 5657 8796 1760 1018 6986 6395 9294 2380 4680 1926 3994 3394 178
24 9481 2931 7581 2122 3883 1752 7614 8619 867 2644 2676 880 1729 7977 6187 6039 5487 9647 1828 3230 4531 8216 6856 3367
25 3243 4196 6402 6488 5704 7407 8448 5142 9975 9305 7126 7033 7363 1203 6006 4740 5909 4066 8972 159 1401 6220 6340 4325 9534
22 4948 9823 9393 1152 6712 6374 9217 1900 6130 43 9888 1773 7289 9658 2824 567 4915 8747 7534 2858 7444 2919
31 8184 3391 8196 3841 4514 2285 8817 140 8952 5736 369 5887 7457 4779 2219 1282 2473 5673 5547 1338 8681 6828 8248 705 8842 3307 8700 9259 4319 8770 1217
32 852 7202 8813 449 8687 7236 7189 4032 4449 6447 2428 1136 7913 8846 6925 5311 1925 7797 2364 6587 9045 4543 252 1057 7260 2177 1216 5789 8138 3554 723 4244
24 1603 7626 7195 8107 6757 4901 755 726 9817 1532 9979 7437 5563 6583 2515 5619 8741 3252 6502 964 8550 1392 3153 6111
19 4280 1908 3858 5275 9950 3180 9237 6668 1627 7971 8520 3620 8408 9233 4557 5745 4119 6778 84
32 9474 3267 1341 1311 4604 5133 5482 3486 6851 1696 7431 926 5469 4714 9007 8024 4571 8349 3141 4068 8481 8207 9017 7777 7584 3151 6629 1857 341 919 3642 7435
30 9952 5980 2178 7350 6112 4908 4621 8707 1838 5915 228 2764 8088 293 532 5323 9705 3798 2851 8701 5683 632 2440 5518 5921 80 2158 7273 1468 8779
36 8844 9660 3049 9659 4248 8918 2793 5407 3596 9337 2119 2055 5377 4883 7630 8334 2752 8243 2222 7153 8941 4422 5412 3896 7794 4696 2865 126 8354 4960 7507 240 6414 7843 1942 7687
22 1330 9874 2994 4993 7050 7218 8056 3831 4028 3544 2329 7771 2260 5550 592 7862 5172 5362 6704 5809 2063 8642
32 3242 5766 6732 5618 4206 8771 6527 6899 2419 4593 9483 5685 4797 1370 5539 7305 6924 5658 4362 1924 9848 5010 1075 1788 2233 5682 6753 7520 1936 209 2991 8268
29 9627 3881 9235 7038 9196 4624 9343 4615 316 2466 3060 8319 9317 5950 3899 6819 9813 1659 2777 7766 3657 2321 1515 2749 3812 6594 4994 5528 8379
29 9346 9243 7860 2323 5989 451 3249 4717 1749 9480 4338 7276 977 9926 1014 7693 7275 8678 1271 5235 5243 5675 8270 7163 1224 4041 9845 3469 8034
24 6425 8764 9107 6206 7946 3528 8290 8402 5814 4536 2669 3093 244 1009 8299 3580 4429 3810 3653 3945 8839 8894 6589 7040
24 4813 6718 2295 5384 4019 7774 386 3980 6901 8674 3081 3613 2921 7938 5281 8905 558 14 8778 9792 2037 9159 31 7711
26 8963 6440 8816 1055 7035 1486 6932 975 1352 1867 4930 8743 4547 492 454 6232 9942 9188 2544 299 884 6633 8615 3932 93 4986
25 9732 1163 2395 3911 81 2559 3707 928 1451 1640 4012 8409 3133 7551 1899 3131 1257 3408 8374 5237 4787 6943 3730 2657 4762
26 9968 7003 8975 5983 3393 6791 9042 6148 4711 3155 3161 2702 6161 9804 1860 1630 2636 4764 2622 3789 9385 4770 2198 6994 4447 8472
18 2276 5037 4253 5927 943 3308 5181 7392 8160 8524 9698 3655 5236 748 1557 7954 8637 7398
26 566 1553 1103 8487 5615 6126 6511 3312 8337 9108 5007 7817 8729 7221 2134 3453 3406 53 6805 242 3189 2538 3033 9889 9897 4054
20 3301 3507 1911 6476 9322 633 7583 1812 5062 3277 1296 7335 7884 9913 4743 6803 1835 4138 2352 9031
20 871 1734 202 151 5744 3395 144 5580 5074 7565 1176 5214 2589 4227 2298 6348 6722 7560 8106 7983
21 4769 9624 850 5191 1815 6985 6725 9727 2035 2521 1138 9784 3867 6422 1064 5289 6855 7908 6021 3626 637
22 9155 4867 734 6775 4092 1361 7792 9939 9857 3633 4730 6009 7909 3540 1324 9472 3548 5793 7729 3250 1045 2248
33 2517 2363 3171 5119 4110 2412 4913 8670 5758 7737 2034 5314 924 6957 3104 7133 9974 7098 2269 5153 9476 1685 9681 1790 2067 580 4997 5653 6687 9795 2043 9081 7094
22 5200 3617 2857 1320 8130 722 1445 9489 6143 7833 2151 4640 6837 9300 4834 2748 7663 5645 8306 1784 1662 9766
21 1831 6436 6113 6118 9411 4639 3982 5942 9787 676 7928 9861 5369 7982 2368 2458 257 9943 7009 9339 222
