25 7186 7759 7133 3436 9995 7064 2920 145 3003 1278 4286 3422 577 3246 6358 9487 3873 2321 5431 8197 5142 3213 556 8663 1323
29 814 6093 4578 8343 9512 3736 8772 2869 281 6117 88 2713 3243 3867 6867 494 4605 4614 9710 6230 8478 4407 600 2383 9183 5573 4702 2325 6643
37 9453 2467 5480 9146 8535 8758 2105 7866 6606 2038 3677 5724 8890 241 3898 1005 4747 3006 7187 2658 4558 3440 981 698 4177 886 5934 7465 4996 259 1101 3524 7157 3232 5902 4138 4941
28 9910 179 8312 1768 2828 5832 5711 6246 184 9501 9628 8236 3364 2924 3296 4308 4166 9067 6623 5539 3553 9966 9657 6049 6884 3437 1151 6373
28 9149 5525 3054 4044 43 9001 3159 7403 9994 5554 1349 3901 1818 7878 2538 9294 1988 5638 645 8724 1316 2048 6742 7610 2435 3647 2023 3842
25 9498 2223 2950 4318 9316 2918 3727 6017 2835 9178 7544 3335 2807 1930 8976 6843 6206 6851 7225 2234 2327 5618 3795 2937 3352
27 2150 4064 5884 1155 4028 7767 2004 5015 1532 6555 1904 245 7802 4222 4957 9563 1805 1569 3962 4331 9086 3744 7327 2579 7391 3394 8770
27 9194 3011 316 3988 5719 8517 416 5473 7897 6715 4085 3977 5493 5546 2174 2346 9892 8190 1444 6120 6318 5400 1332 2328 739 5531 7046
26 4175 7621 1474 1713 9431 170 6460 6196 8330 9717 5471 8409 428 2479 5281 1237 6764 1687 2007 5113 4611 8185 2457 3585 2112 6664
19 957 4880 953 890 4237 6791 8931 9850 6152 569 3673 3784 7612 8073 3064 366 5900 2498 1173
31 2067 9646 7945 3154 2575 4158 7727 2094 5110 6400 7669 3801 1020 5706 1653 5085 4819 2836 7379 6222 1042 6768 7230 9599 941 2375 6776 6576 3841 9171 3212
35 9048 5262 8521 823 1941 6003 7386 7156 8619 9770 7 4215 1773 7393 3755 7723 4726 1189 5229 9372 4518 8789 2963 1273 6845 4861 195 7145 2470 7668 5123 6393 5794 5084 8489
33 5096 1038 8322 2289 8109 1548 3565 4197 4806 6114 9625 4813 9388 4241 9203 9052 5936 84 3726 3137 9750 128 3788 9313 69 6546 9715 1907 9771 901 2534 7319 4647
26 6181 2555 6349 5444 6763 3543 6478 7372 231 1077 4774 5237 1291 2738 8833 3544 8729 4196 2062 4608 4065 8022 788 3939 747 938
27 2729 27 9161 1776 7925 4664 2280 8428 1449 2347 6378 473 2819 8186 4254 3445 7738 3025 581 405 682 76 1971 7392 3852 4671 5707
25 626 1178 2177 136 6631 5360 5533 4989 8465 6879 4439 175 1994 572 2486 5924 6730 1577 4376 4836 6070 4864 2416 3960 4615
33 2283 8965 4358 8015 2492 4043 63 8636 6947 30 5295 9758 6783 9218 7213 6469 3910 1111 1613 4552 7077 1835 4336 5171 5699 9197 624 3359 4361 820 457 461 4301
37 6138 1808 3014 8656 519 736 4542 611 7580 8551 8845 9075 2071 6521 3267 7947 1167 9684 3930 9426 9024 6461 9467 7857 1586 9032 646 9607 3956 6638 8418 3449 5501 6108 2934 5984 6098
38 7484 8468 7618 6857 2635 2236 9909 6584 5477 8095 94 7087 1129 8906 9677 1635 6344 5265 5200 2881 3121 927 9741 3862 889 8565 8947 9645 4140 1442 8708 9559 553 9803 3370 8300 7161 4610
33 6019 580 3949 7807 5774 6640 8954 6666 7623 6341 2896 5178 4393 8037 5937 5760 8464 4966 9897 1033 3886 6169 2309 1576 3773 8670 3588 1208 4074 8910 9669 3217 9334
29 8307 2303 7207 4420 9479 8627 9822 7633 582 8266 5795 7313 9573 8000 515 7244 647 3490 2771 4480 1940 3138 5044 9688 6702 8984 7733 5391 7724
34 6981 226 6901 7299 8110 9681 2741 3453 4597 8008 8558 2732 2641 9581 3155 9418 4639 4827 3041 7511 1357 8917 3222 3157 9359 8739 876 9340 6914 7644 8766 3337 4139 1433
28 8715 9884 2482 9923 8417 8713 6216 6058 1729 8904 9901 5075 476 7701 3534 8583 3175 637 3150 4621 5585 932 1922 1223 6671 2448 2225 6737
26 7736 5193 9862 246 8928 711 1906 2816 3809 8158 9941 9226 2133 328 7529 7865 6293 8878 5548 639 6676 2536 8850 762 921 8909
26 1787 2275 3393 4630 6031 5298 8108 3667 2945 8757 3769 2204 9523 4475 3782 9452 9349 691 2925 2739 6221 2081 1441 9813 431 2504
21 8769 3656 1022 1881 1192 6745 1676 9720 8712 5374 7840 9894 9891 7014 8261 8155 9151 6662 3558 129 8571
28 5364 6319 5610 4727 9900 7114 3926 2286 1283 4924 6810 2500 2935 5065 758 4683 5109 7766 9297 5047 6942 205 9831 7574 1598 1039 7061 5942
28 3899 3221 2691 3911 3271 8013 6888 2897 3149 651 9038 4720 1202 4561 5355 2557 9664 1809 4700 7412 7600 6130 2983 2241 5349 9525 3069 24
17 1968 325 6097 1136 2521 8413 2758 2335 7666 341 595 1953 2787 6700 8720 1684 6908
20 501 4117 8355 247 4202 7967 5542 4003 8150 5989 5315 497 6157 3957 3671 8966 9504 449 7910 2304
40 1537 8388 5366 8244 2953 7092 5821 1462 7628 9070 8675 2650 6641 6679 2187 1976 6611 5647 8743 670 1961 3255 2089 7488 7031 5184 2164 5294 7874 5069 7001 9380 8357 6261 1249 9903 7930 189 2665 7149
28 9767 9241 8753 143 8959 154 8831 2058 6714 7212 6269 2460 1428 9281 7592 867 3379 5877 9958 3983 7771 1859 5810 7034 7019 5502 1254 3866
26 4478 8873 9317 9889 2315 9814 2532 904 4505 2501 8138 2642 2203 6779 5980 212 7575 5255 2662 9284 4007 9105 7281 6962 5797 2623
37 6522 1080 8195 6752 9565 6892 2427 7953 3526 358 352 6284 9172 1401 5978 8746 2083 9295 5543 6054 5483 7762 3883 9590 5687 4266 3301 5128 1160 8042 2351 9731 2452 654 1790 6321 2515
29 1399 4882 9234 5365 9676 4775 4923 6173 4956 7537 6652 7456 1529 74 2079 3998 910 6516 6331 6337 221 7588 663 4946 8166 8089 9545 5722 1921
21 4999 7934 7012 9021 5867 1406 5615 7646 5953 5271 2632 6352 2301 9870 2870 3239 3071 7479 493 6353 5472
23 4987 2600 5888 3680 6335 3433 3102 7250 3828 4073 1395 4088 4045 1134 2233 7382 1567 3479 8362 3902 966 1213 1754
24 5577 2357 2631 5621 7097 1091 4057 7089 2086 2686 1757 9098 801 1781 111 9112 2654 5893 5504 7664 1712 6814 4317 1920
34 1877 9302 7335 2287 8798 1054 9003 1925 6037 8133 9090 1856 7275 6541 7758 2839 1439 6278 863 9006 206 4134 5131 9690 8102 9735 7566 4885 1203 2559 9174 1065 4325 1797
33 2912 3086 2438 1436 9244 3823 1991 4261 9154 5460 9045 5583 9880 3050 1686 7943 6263 1032 4127 9762 4421 9695 4840 9124 7348 256 2518 3029 2588 990 1074 532 4968
26 718 7363 7219 6820 4780 4432 1329 6425 3763 3115 7141 9878 2102 5236 71 6825 1733 6595 8394 3464 1574 2717 5764 2455 8450 2824
30 442 2397 5520 8716 5034 9273 4602 678 484 4701 8175 3663 9815 9782 2762 2189 421 5446 7576 1564 1820 9913 2542 7690 5148 4100 607 1489 8035 8078
30 5251 6320 7728 6821 5894 8892 1315 9256 3305 2406 1201 7336 9080 5209 5672 4992 8961 7788 2751 2417 9537 8316 8242 8924 3299 7326 2879 6865 833 5104
26 7013 1446 3139 3253 2620 5961 3380 1539 6787 6094 6634 1748 5235 3480 6362 4917 1469 9173 6214 3281 3471 6137 6354 6554 6210 6135
21 5614 6260 9011 3334 1045 1597 5335 2394 3467 2996 8975 1973 6886 1642 3921 4884 612 3182 911 1909 7331
34 4937 6411 353 4257 7647 5019 2827 91 6836 2318 5575 771 6729 5212 6887 5253 660 7614 5042 240 5988 1884 384 2369 4509 9700 3338 14 6442 8630 7780 355 5134 5603
27 9639 2005 1826 7872 1690 2848 5451 5099 8958 8313 3340 1230 5016 6527 3367 1370 6786 4503 8285 3048 1253 4764 2243 8934 8791 2746 6985
21 2930 9560 5734 7572 7609 5302 8913 3189 2790 2296 7112 7800 7990 159 5392 9054 4346 1580 8410 5176 3934
27 9612 1461 6113 6005 8001 8504 8194 4795 6257 5422 4926 2815 951 1549 3291 5625 4739 3476 9640 4020 3946 608 8823 7130 1017 7246 6424
33 9914 4017 487 4765 1046 5207 1749 8990 7688 4425 7980 8118 6346 4483 672 8493 104 9248 5991 9469 7732 7713 3932 3872 2755 9404 1313 7334 8411 6056 9842 656 5695
31 194 3843 6964 5637 9286 6804 7873 465 5261 4457 425 4546 5333 6722 8440 4112 9722 4810 6382 3812 7093 3002 2376 8877 4544 9136 1057 7228 2193 8406 1023
27 2140 5153 2141 4722 5441 5866 4082 2737 998 6568 6557 4599 1779 8566 3967 6355 8448 8003 389 6627 4719 1565 6076 8500 4104 448 1099
28 5919 541 5684 5127 9261 9618 8069 4620 7712 1047 7460 224 6116 1979 1828 490 8865 7255 3573 5206 3779 2838 4601 2244 1736 9396 2389 3444
33 8563 6587 8760 2516 1614 871 6432 6921 3278 7201 6801 347 1605 6268 169 7356 4706 1314 5453 1974 2539 588 2129 9522 3211 6900 9422 437 3298 7153 9748 82 2578
25 4724 2556 3372 5095 6904 5594 5736 4908 1948 4652 7203 4188 1388 4848 8014 89 5842 4798 2359 1533 796 8830 4698 8567 183
26 4190 9739 9066 7721 2261 8813 6195 3426 2965 7847 3087 946 5828 4575 6131 534 6707 4909 5272 423 3817 5496 9701 3468 8188 365
25 258 3119 5381 6239 3488 8329 9471 1487 4429 3300 7854 3808 8245 9550 6545 7091 4904 4574 8029 8134 5080 2205 1147 1759 5081
38 8880 6391 4875 197 7492 5998 664 5731 2277 9102 1344 3923 2562 7531 8672 3699 7450 4066 3563 8531 7991 2989 4323 7258 455 8162 6614 9568 1819 8624 3975 1615 875 6509 3177 9094 7933 4430
32 9811 51 634 8075 2868 3856 3477 5419 5384 9927 8993 75 1139 3889 9729 7120 6854 9337 3419 8220 544 7870 8209 7296 4790 6628 2358 305 9746 9200 3191 916
33 4596 9430 6918 4418 1992 808 1876 1814 3937 9139 1841 9730 9499 9852 8883 3317 1137 5875 5002 6340 3230 7629 7094 2073 6050 4559 2792 2569 1750 8650 5321 9383 5530
27 6668 7315 1668 9135 1875 7552 3498 2076 1507 5763 9040 2646 6013 2295 3732 7167 8620 1812 6101 759 8501 8513 1484 4853 6167 1072 8136
30 4823 9216 9493 8081 7431 520 5811 9769 2734 2323 207 1737 3038 2554 6089 8225 5479 7435 2271 4816 778 2118 3858 5023 3114 734 4090 9551 2598 7613
24 1616 9594 6861 7443 5367 2195 6955 2543 6624 4370 5217 429 5753 9673 6503 7557 3954 4933 2797 9828 311 1492 8017 9609
30 4299 6386 2284 657 4137 2637 2721 3703 5216 1654 1172 5202 466 3863 4160 4303 8125 709 5052 9444 1989 2381 8286 6738 6994 3982 2022 9093 2162 413
25 5068 7996 6423 3637 7694 2664 1486 7289 8241 1037 9053 1079 4269 4632 9188 9022 2949 8386 6109 4504 7699 478 8842 5411 9656
26 5144 2401 2809 6275 1958 5101 4868 2608 5749 9134 7917 215 1345 5955 950 5291 6648 8929 1541 3489 4783 7620 5833 8065 1206 8794
24 1010 3247 6782 1585 2759 9713 1872 7352 1683 6620 1226 4097 3583 9287 5014 9213 9575 8631 120 8419 5673 7378 6243 9143
25 5299 5169 4353 7494 5266 3635 1903 8294 4369 4735 7265 2699 6903 2859 6771 5874 2341 4983 2462 7088 3948 6134 5555 9837 6245
26 4304 3279 9275 9348 9691 7752 5995 9321 50 4529 2712 6342 3868 6238 1784 8237 6850 9210 4136 5314 869 3356 7770 7797 7676 757
35 1210 922 8296 7662 2638 1873 6028 6695 2034 8696 7603 2207 631 737 810 3462 134 440 9997 7312 7349 9034 6343 7325 9963 7184 6121 8832 8547 8260 5332 7725 5601 2211 1019
25 1105 6713 4959 8684 3046 539 7661 9881 5260 5746 8082 6609 5775 6162 4516 8579 38 7358 3928 8282 8804 4902 3955 1380 5279
34 233 7224 3185 3206 1793 1716 5712 2565 7408 1364 6491 5041 3978 3199 2166 6171 5547 6079 5865 9875 6972 1478 3709 6732 4714 9848 6540 8598 8028 1303 2144 1068 4849 1740
27 5628 9377 3626 6741 601 8378 8076 9445 4606 6727 9604 9314 4573 9532 7474 1169 9397 7292 1386 8056 377 8303 7122 8591 8383 961 6511
28 1636 4682 8596 2781 1937 3434 475 6313 6685 3390 9064 7702 9638 7828 2200 8561 9459 7198 7527 1870 4340 4713 7525 9959 9858 5690 250 6142
24 774 8514 8723 3200 3122 1675 8154 8613 817 6306 3090 1224 5326 7338 1747 4973 9511 7202 4526 6725 3870 3855 6327 2628
32 5164 1354 275 1225 1232 6913 9593 9957 8973 3750 9116 5092 8466 746 1306 9556 1434 1333 6326 7611 5039 3612 8318 6147 5698 4436 7048 4285 7471 6454 9678 5177
33 8896 9393 315 3917 4524 9521 2155 2668 6315 5990 2032 8925 7424 6390 6770 9919 7223 5540 5348 2670 7949 2310 699 5439 9642 5944 3607 2568 4164 9368 6372 2684 3760
28 9629 2764 9157 9703 2560 7853 5121 9774 6601 7698 8866 4260 3729 7587 6143 648 1706 208 8516 1512 5802 4443 9110 4400 4743 1760 6146 42
27 8812 6484 9410 2671 1857 8997 6716 7028 9888 8486 5468 7485 8358 5303 8467 7988 9920 1239 888 1227 8569 689 7132 2354 1519 9472 7377
22 7796 6923 1839 5993 1411 4404 982 2013 5401 4536 9704 6840 7134 846 6088 5257 3620 7238 5757 58 6665 9802
35 1888 7966 7123 4734 3820 1408 7844 4892 4186 4522 3519 4143 4227 8628 4871 8023 8629 2756 4036 4287 1458 4554 450 5720 3592 6899 2370 3590 2904 8066 1288 8473 8805 8251 1680
25 9148 1307 7500 5652 9114 1755 7765 6536 4975 1014 3853 1071 491 6532 1579 1783 320 382 6579 4313 7432 5301 3024 1467 5935
48 5185 8142 1996 2030 6115 5671 1028 7397 2982 3616 4030 1255 7084 7407 8068 4653 4006 652 8900 7164 2092 2469 7441 6946 4679 6828 6636 35 2107 1767 3089 7188 1310 2644 5029 5938 2176 7877 9716 7722 4556 7958 6885 3395 5714 8420 5505 8935
22 1343 3037 7127 2931 7790 7150 919 2887 8217 485 6961 4584 367 4579 6753 1521 5732 7426 479 2612 4755 5361
30 3387 5011 3963 7764 6289 5407 7109 1092 568 7217 578 764 7942 5515 9946 3950 202 9257 2254 9552 2003 1659 719 915 7243 9515 2952 9587 6301 3400
31 9152 3420 2422 5106 2299 8549 7033 8782 8808 4046 6651 2330 816 467 7101 824 4856 9791 8229 8389 7994 4208 155 5661 2147 9655 5511 4459 2404 3701 9541
38 4858 2006 8123 1568 6448 3814 7375 8354 6616 4752 6548 2380 1305 3153 1124 7262 5849 7280 125 1238 1511 5524 853 1898 6490 97 6948 2352 7776 8570 8780 8532 7919 4760 2423 8345 2594 5352
26 4095 4377 4699 942 123 4543 7040 9009 5487 1924 7792 2054 3339 8187 5416 8481 6499 9386 4279 3658 7522 8426 6271 3944 368 2649
27 5001 804 8302 8548 5957 7812 4721 5713 3215 3762 2512 7772 9571 6413 4273 997 1103 9544 2101 6915 1764 3893 2114 3429 4086 562 7718
32 4862 8223 4328 283 5296 5415 2748 372 7070 6179 1053 8370 1466 8951 7912 2885 2018 944 7210 1710 9798 828 3818 2799 1418 7595 9918 8734 1188 673 6255 5582
32 4598 2251 5677 3625 8914 9636 3183 2043 1978 4460 8298 9805 4075 1652 3095 7599 6823 3789 6816 5945 4345 9682 4116 3791 7590 2061 3661 9074 9056 3085 9483 5242
30 1517 2456 9524 5145 7861 1063 1742 7306 5390 4298 9925 261 3465 636 7918 7556 2020 9485 1326 7100 6876 7121 7518 4511 5489 463 1318 3694 733 9986
29 6657 2999 6034 1691 5692 6434 6302 8777 1319 7060 6211 7530 4431 549 9433 3591 1204 6604 9624 6219 5165 7569 2599 859 4654 6228 5146 7015 5604
34 6020 7749 8801 7944 8767 9324 4471 7682 7470 6586 2494 4153 7204 7395 8361 9415 6897 2171 1915 9868 3127 5174 7563 2337 7227 6213 4485 1198 5758 5203 6083 3389 4916 6807
31 2813 9482 6317 7519 3864 7630 5826 4216 8836 7205 6359 5624 4977 2614 5841 4402 583 9597 5387 4033 8414 2134 3194 6719 6229 807 4297 6762 5923 3244 3456
32 3568 8018 6136 6717 779 2639 1932 4710 6756 8897 3016 7867 4146 5469 8067 9240 2973 5488 2535 8070 3670 5087 4107 1589 4444 2643 3374 4252 4914 7871 103 6133
28 813 4174 745 8050 7076 7685 117 5951 7383 4613 8707 5738 1947 4535 2961 741 7185 7890 5580 5157 4627 19 9578 4224 9407 1107 7078 3349
25 6898 4337 7436 4906 9955 162 1601 7635 4484 8846 2592 4585 7178 9823 5467 940 2125 3708 7596 6364 7429 9394 1603 7960 2657
29 6780 6973 7922 4010 6916 8711 9733 8511 2496 2992 5010 8762 4787 5605 5234 72 661 8673 959 108 6931 3384 2682 1638 4697 6220 7562 70 6774
20 7820 2371 5870 6043 3171 6038 8458 5537 8584 4409 357 3735 1359 4486 7742 5249 2506 547 3649 9712
26 1540 2785 6543 8864 561 2901 4012 3355 517 3065 8799 1778 6086 5783 7542 4049 8206 4539 2619 8339 6333 9484 2889 3764 1643 9588
30 3927 2135 3061 5152 470 5587 4572 2483 4462 6023 6308 4590 7208 3126 1695 385 7540 26 1612 8992 3320 1452 3631 8593 286 2514 7136 6797 8462 8119
21 5843 3692 3906 6191 584 5703 4427 3840 9004 5784 3357 9561 1424 6827 48 7774 978 9711 4657 8847 4305
28 6811 3345 6280 4300 118 716 4026 8665 9042 288 2292 1912 4141 1417 770 5150 9269 7263 401 8585 7670 9906 4972 2040 8210 5005 1497 5371
22 9196 2715 1704 3696 2432 6531 7489 2257 2172 6864 2590 5356 2378 8911 5173 4284 4782 5649 8205 8948 6092 3306
25 6538 7507 2293 4192 4218 8553 3718 8508 4994 4890 2230 3609 2633 5388 1454 7410 6694 1780 3896 9127 9219 6693 2214 1741 7746
24 4034 9367 868 1311 8790 1860 2126 9776 3600 8173 6127 9738 6523 2269 688 8396 2262 2194 6575 4144 3537 2547 6292 7809
25 9103 3174 7680 2880 5629 6073 508 3731 4150 296 8701 2398 2099 13 8101 1118 6366 6180 3815 7254 3324 6283 6168 4108 2906
25 6410 29 1352 4236 6868 3504 2891 2408 5853 5082 8702 2329 2466 5659 4537 2093 280 6408 6873 8581 7829 3392 6170 4025 4251
31 1459 9217 4668 8127 4230 9969 7696 6759 7229 6829 8177 7449 1970 7074 3382 2701 3660 2495 9125 6585 2446 4368 9221 54 1312 5064 6494 6105 9077 3485 6549
28 4618 5412 6177 292 2550 5907 7825 3527 3430 4545 4940 4513 1840 9978 9996 4206 7616 7242 902 9162 5541 3747 3216 6006 9229 3074 1431 825
21 906 1844 2095 9838 2317 9940 7367 7583 1060 2517 2342 5435 9413 5847 9068 6185 7234 2910 1834 3596 9491
34 2581 8921 7154 8595 8443 7961 9405 7277 6441 126 4198 5517 6046 3571 6698 1850 2731 2611 8554 5745 210 8742 9375 8040 1090 2956 6480 6068 9300 3360 1002 5600 55 3044
32 4669 7513 2847 9519 8031 2529 782 3521 3076 8165 3483 903 7549 8120 2124 6803 6363 7027 4825 5218 9455 7928 963 8047 9893 9158 5226 3976 9672 6656 9014 218
24 5437 837 1954 4500 5765 5568 4641 3503 3438 2206 2217 7941 5617 7328 2596 2757 6356 6721 1931 3605 7884 1692 3333 6039
19 1774 2674 2437 2878 4461 4767 3118 9932 2445 744 7321 9804 8263 9968 7320 6603 1007 9120 8344
33 3538 5032 7172 2402 5330 3134 6336 3026 5688 8463 9214 7926 775 5375 8382 7568 237 7169 3428 2220 878 3556 1707 8748 5208 298 7304 9887 2582 2780 7221 7560 9865
34 3641 8447 5591 9312 6564 7786 3280 1244 5807 4961 8277 653 3772 6409 881 5933 9490 4656 9922 4502 3240 8208 2343 3690 725 4170 7650 4479 1952 7266 1600 2903 5357 9262
22 4211 5744 9351 115 7343 5925 6427 4447 3897 7512 3346 6633 5829 5958 1651 3884 8523 573 528 2253 555 4791
31 7342 6207 3013 591 7058 5286 4644 2391 6755 7604 7337 7582 633 9934 2696 7357 717 7371 602 1144 2723 1234 1001 5204 845 1946 1299 3566 5650 5484 2540
33 2720 9908 6689 1252 4947 5133 6855 5651 6100 6047 2320 8011 9977 9580 7247 1800 8475 8083 7439 7291 4967 4113 9085 6775 7705 2618 5969 1766 9942 7083 8797 1964 7504
25 7411 4350 2153 3233 5252 9905 34 8250 6103 2453 7499 2978 5927 6385 4250 8304 551 1361 1174 360 7268 9564 7283 8104 5137
23 6161 4565 2546 6473 6506 1829 278 9793 4604 5981 3136 781 7419 4492 3450 7466 8373 299 5245 8660 6632 5406 5880
28 2242 6032 850 4339 3846 4213 5678 8588 8635 7547 438 44 336 172 5534 3093 9489 3205 7995 5258 3383 2558 7196 768 9613 1125 8479 5083
20 9589 8139 7639 7165 9553 4837 7231 8727 6819 7541 9267 690 9478 3491 9689 3578 4942 1831 933 1381
42 6371 3630 9308 2987 8257 9362 7216 5599 972 7359 7264 6380 312 6069 7737 6299 1746 171 1180 2259 2027 9809 1699 4851 5318 8784 4363 2760 3007 985 265 4991 7921 1048 5478 235 680 7607 3547 2274 629 3958
32 443 5715 3695 7183 4366 7528 9938 9531 3837 692 797 7535 4126 9165 3509 3452 5404 2892 2933 3613 222 650 2571 3874 8135 3176 8341 90 8754 1440 2247 2874
33 1823 1701 1813 3162 8472 9799 1709 4828 9055 3997 362 7401 9685 9435 5519 5180 3186 7080 674 2837 6792 4232 5308 4490 4019 2489 6535 8097 4276 6514 9436 4396 4329
25 7954 1350 223 3943 6123 2042 1679 3219 8586 7267 5890 9464 8305 511 439 3354 3311 7174 8755 6553 1476 6175 1637 1771 8974
37 2485 7347 2028 499 3520 8301 6982 6951 17 7784 9744 9610 2443 1963 3075 7777 5182 3636 319 1504 2719 7497 1496 5640 4935 9835 8855 1571 3358 1632 6812 7345 5319 1518 1542 7964 5264
27 9619 2192 729 7237 8364 7510 1723 9860 3497 2384 5909 5043 5804 4002 3664 3166 161 7003 1185 3084 9335 2645 9617 342 861 8530 7929
23 1572 6192 8179 6060 5611 7181 4354 47 6444 3765 3792 8169 393 621 492 3996 2796 926 7845 2526 4172 1833 8498
32 1009 3682 9641 333 849 1298 948 5506 8756 4022 337 4897 2798 2060 3323 9557 8201 1322 9130 6208 4538 4685 5097 5662 4595 7663 9147 3179 3081 4262 9680 3062
26 1067 2902 3129 3475 4594 1868 6615 5499 3980 9759 9250 7148 684 3484 6463 6552 7909 5729 5163 2502 8979 3518 7309 1142 5906 4970
31 3242 5939 8007 9233 3282 483 8626 9254 8991 2570 5273 6384 4785 531 6565 403 6591 3506 6416 307 186 1120 3947 3847 3131 5190 5191 1917 1121 3404 4635
39 8469 2418 4629 151 7793 8621 9144 1865 7271 1980 3834 598 3432 3775 149 9569 3743 4952 9277 6891 9779 1082 346 8051 2939 2057 7434 2853 6944 9434 6496 5125 8600 6859 1400 6148 1051 1341 6298
30 3051 3522 7523 7376 9437 5495 3536 7667 8648 8094 200 7735 9904 2857 5086 7899 790 962 983 9503 1911 3455 7344 1127 7564 52 533 8856 7708 7142
30 363 3229 5445 9841 2411 6394 5613 7755 6544 7116 7908 3723 848 1866 3575 9468 2979 6501 3548 2714 8471 9398 4564 6112 9702 8032 5701 2873 6574 356
36 4278 4306 5771 6198 5879 3733 5420 4161 8858 9751 15 4397 3786 9247 8258 3443 7719 792 6422 7824 5386 8528 5917 812 1847 4384 1236 7971 9356 1852 9596 847 39 3702 99 2773
27 8115 4106 6594 1212 8840 865 1594 3678 1181 8688 8639 8253 4723 4730 567 2399 8192 9965 5353 9853 9876 8839 7850 4637 5929 1069 3895
26 9622 6030 1372 7350 6596 6055 2922 4901 3648 766 2070 2765 3381 7589 8653 6472 5789 6525 667 2363 9502 641 4729 7106 8829 1894
31 7445 1176 1429 7683 2002 6784 8669 4497 164 6777 8408 4231 1464 772 2487 2688 3802 6041 873 1075 160 1535 3099 2305 4147 1739 857 924 506 5423 8264
24 1896 618 335 8937 1867 7968 7515 4873 338 8424 2673 6570 137 3251 8722 585 2768 9548 4468 9081 6404 4758 1685 2036
23 7293 6917 3810 6012 8988 2471 5717 7324 7915 1168 6960 2747 9211 3409 4321 5952 4568 8671 6743 2291 1276 9787 6036
27 6407 8334 1874 3572 8970 8390 9304 7524 5482 5433 6733 685 6436 81 9635 2875 4693 6844 7601 3798 8180 7654 2136 7643 1494 456 3799
27 4895 3878 2917 6880 5170 5241 3204 3368 1409 7354 6578 4716 4133 8539 2116 6613 4401 5648 9087 6871 419 7558 6059 2426 33 7473 4981
25 7911 9059 2782 7437 3691 3252 2331 4423 152 271 285 6510 2465 1437 1935 1398 8867 4121 5287 7830 1377 2929 5674 3705 7706
25 1551 9665 9737 1197 3133 420 5552 8275 4448 9215 2221 2103 4481 6360 2499 8703 8927 3715 96 7128 8728 6443 1645 2855 107
20 3617 9663 181 6924 9944 3511 8851 8888 5994 1863 3170 6471 7232 2687 7057 9131 2525 9402 9572 4789
28 9031 9411 3994 3236 6635 1949 7018 8785 8297 3245 2039 5136 5289 2800 2775 1798 7235 7050 1807 1500 2273 6561 6048 3876 5228 3584 6939 3142
22 3951 3824 3535 7182 415 3284 5024 6790 9526 3055 5201 803 3836 8859 5818 2683 8719 101 173 8105 3833 6813
32 2078 7017 4163 446 7175 3077 2991 8452 2725 738 3103 2587 5337 9496 9078 4750 469 5455 9755 7004 529 1135 6766 8054 8395 6351 314 8423 2239 8763 5773 2740
31 2541 3184 4820 9138 3446 5857 6992 1762 8058 2268 2634 187 6991 5660 3015 4373 512 4119 575 521 665 5324 6150 4357 6598 8137 3634 1671 9740 2159 1366
29 9783 6932 9326 6323 4333 802 9535 6697 2046 7883 147 279 3463 4149 5359 5588 945 7455 3208 5290 9370 2267 3203 8862 2667 1673 4993 9465 8893
27 4244 4886 7817 780 5046 7195 7678 1972 7260 5752 5814 1423 1145 3961 5759 9933 2290 4193 6492 4063 458 5004 4707 7823 7159 4210 504
27 1190 841 9379 2349 9725 2433 3315 6772 8093 1718 404 5393 4776 777 7831 4008 1583 1257 1591 5973 2890 5311 9601 6646 2710 731 1711
22 5820 432 8152 2810 8071 8741 1218 3822 6051 1625 3505 4406 6149 8889 2276 1633 6684 8384 9757 5135 6734 4302
31 3361 9088 5475 1895 3012 6838 8725 4493 1916 5780 9930 8546 5124 2210 3602 5667 3821 3531 2270 3839 1430 5898 5700 2951 1534 8938 2972 9118 3140 8281 2886
34 3987 4549 7799 9083 1672 4272 4626 4665 4155 3849 7110 4691 7846 1837 4686 4907 4507 4111 7430 1284 7798 6731 6622 6882 3058 7192 4291 9847 9846 496 1561 3650 1030 4258
26 1285 6266 726 2185 297 8271 1162 5816 5434 3022 589 6242 3579 157 5859 1821 4212 4069 1547 7671 1751 8438 798 8666 4344 7256
31 3092 5117 5503 7627 8026 1390 7787 3614 9816 9476 2576 1745 4184 3753 4520 6361 7932 2252 8332 7043 8527 2955 8654 1177 2722 1983 7881 6178 9332 5509 7199
39 9497 4663 9745 8686 8445 150 9150 3655 5755 6042 1886 8774 23 1966 9061 3470 32 5112 225 7493 3312 2405 3448 5819 4805 9260 6842 5192 2842 9631 6479 5037 1049 1897 9873 6431 4557 3223 9970
28 7193 2051 1639 2348 4860 9320 3097 7904 2702 177 1455 6035 3903 9790 8 5139 9857 5293 3761 5351 5796 5149 2362 7075 8773 4280 550 3001
22 73 6107 1334 1617 3819 8402 3576 3597 7115 6704 9608 8920 6639 3811 2072 5306 1358 964 3325 2595 2190 2156
34 1216 6674 340 4380 3918 2097 59 6852 6709 8181 8331 5067 605 7833 9883 6691 4643 917 3707 640 8060 3728 8033 6618 6673 1648 5183 5313 2988 2041 5093 1620 4847 7714
24 5750 2610 6687 1650 5240 8446 1822 7855 8005 1052 7711 9279 8291 1775 5033 9104 2913 5970 4051 8202 481 9844 8667 5949
38 4165 8207 9041 6519 3618 9477 8337 1689 4570 4876 266 5103 9140 3265 8844 8664 6417 2294 7553 3277 708 2442 3000 7008 8700 4736 3499 6983 2440 2784 7297 8252 9727 392 4541 8574 8404 6926
25 9164 4732 5284 8946 3080 4039 644 7946 7026 5362 2893 7674 934 3804 8366 3047 9366 4797 4770 8795 4694 9647 6841 4385 6835
32 7658 1143 3974 6294 6826 9095 2647 9450 5913 9495 3365 4059 3268 6630 2113 5658 4223 480 2616 8977 1899 6232 7486 5986 7346 9427 9983 6993 2197 3225 7389 4185
34 4887 7418 9772 4446 31 7240 8457 1880 395 268 7171 4098 3369 619 1342 8459 2808 784 1997 7579 9890 9208 7832 8449 4818 9353 8427 6096 9840 974 2477 7937 994 3272
25 7502 5363 2115 6832 5922 3120 2636 4474 6551 2849 3241 5466 4135 7140 6201 6237 8496 783 3725 3275 2449 3929 8898 5017 1245
27 5210 7467 9514 929 5645 2970 8680 9341 1102 4878 7903 6332 2263 5396 4293 4015 56 705 8735 7743 5992 6619 5038 1803 9291 969 1369
32 1658 9633 1720 2914 791 1425 4733 3351 3525 4367 5070 9948 7974 8659 7039 8895 7852 1141 2561 5681 4592 8807 3646 6402 4371 3549 760 2852 1919 7073 3919 5443
25 4831 6678 6910 7773 3806 5965 371 5077 9789 6658 2173 5545 4378 2856 5943 3838 687 8385 1347 7695 6085 3574 5676 2585 7139
33 7863 9246 4270 7681 8193 5595 9017 9583 9364 5639 4803 840 3375 2685 7619 2198 6316 2480 5619 5263 5214 2367 4927 9243 5728 4389 9428 697 6481 3258 3207 3188 6989
27 885 5730 61 176 7054 2090 5425 5244 9486 3888 6629 587 1260 9274 3940 2871 9763 7983 8243 2899 4607 6928 6395 2677 4288 754 1913
24 1061 9826 1035 3627 620 9509 1183 2412 6893 3871 5089 8140 8618 7049 6500 8962 9285 3925 5596 7506 3970 3758 6252 3935
29 9180 7916 3979 3083 8091 5329 1280 3254 6225 3805 8295 4955 8698 2255 9936 2653 9832 992 7876 9475 4145 2356 3435 9408 7509 8006 4821 1604 5246
26 7686 9473 11 5179 540 8016 6556 4830 3416 8079 2968 1846 1228 9029 6542 7236 5091 6997 2841 8159 9611 9012 7905 4178 7631 5571
28 8525 8870 1024 4016 1161 1468 2434 3989 1578 6418 4988 7065 5050 9207 610 8034 6781 391 8306 9346 3730 6139 3106 3835 1977 1696 955 0
23 3721 8943 408 85 2481 4650 5777 8834 6172 8540 7950 593 3882 5172 1902 7997 9500 3008 4277 1936 3621 2552 3353
38 5883 3237 5341 8470 9820 1641 1483 565 623 6199 537 2059 1154 5060 6065 9186 5122 302 7939 882 9808 1376 2237 3651 4508 8646 3803 3130 7447 1156 905 4648 9420 2915 1630 2778 92 8278
33 6053 2981 8336 3036 5 8126 6493 9856 5985 8288 9705 9598 6277 3959 5000 8978 1956 6256 7066 3570 2948 2100 414 8287 8442 8771 8430 5395 1004 604 6439 7710 9718
19 8249 6520 9051 7715 900 6497 174 4234 3532 2530 8273 7124 976 5195 1682 6024 4249 4986 2962
21 2419 2478 6750 7333 9092 254 8124 2960 7559 7011 6744 3309 6430 9967 7692 4802 9401 9195 380 3347 2726
29 8284 8522 5705 4646 9749 6016 5247 6896 4105 7096 4077 5770 8309 7162 8328 4060 5394 9062 3045 3218 1628 7451 6290 4314 3141 9797 8376 2601 9534
38 3826 8052 7226 3859 9788 7396 3128 7965 9412 8980 5155 435 9786 9800 8367 9108 7938 8460 4410 7501 2659 2545 8247 8122 9764 9403 6406 7597 3123 3454 6419 6667 8601 7581 2390 6965 2947 9632
19 9160 701 6736 967 6009 6273 4633 1794 7374 2130 9947 462 1501 2122 2024 3146 2834 1367 370
29 7783 9824 3624 6534 12 8441 8802 7675 1791 4680 7794 6590 1731 7453 5930 1959 4645 255 1324 3486 9854 1131 5977 6856 2421 3654 6240 6949 858
26 1599 6788 7239 5056 973 464 452 8087 9175 1281 9390 6765 2894 6655 2167 4929 1128 3094 3321 749 5876 9079 6943 8053 6833 6379
25 9971 4167 560 7754 6077 3540 3639 5800 3018 8507 9864 8957 2709 2127 7739 4038 1705 4343 9567 3560 7151 5561 1029 5626 2379
22 8495 148 3986 6312 6837 3529 3474 6980 5896 4310 7252 4842 4809 2216 3608 3968 5213 8433 9719 8949 8861 8881
22 386 313 6925 4115 9988 1414 5743 3757 7125 2789 579 6831 1421 4857 3292 37 2695 402 6883 4532 8212 4364
34 4563 1271 2264 8825 2409 1250 6383 6450 2324 1026 9117 4058 8044 8776 5389 6072 3410 724 8555 4201 5817 2584 7789 9975 2074 4948 8633 3865 5053 5964 8822 60 6746 696
26 9985 4689 928 2256 1531 6976 5839 6966 822 9463 2909 6660 6605 7795 5635 3539 8699 5778 7993 2151 1524 1393 2016 9926 2436 9999
22 6082 2084 28 5383 5061 3286 1563 2523 9010 5589 7433 4807 7020 4415 1554 106 495 9481 3510 6952 5560 3890
23 6388 6696 8038 9470 9089 4412 2745 1515 7117 4588 5378 8351 1159 4029 4768 880 407 8485 5189 3466 6025 7490 8349
26 6095 7104 1843 6890 7625 8183 6878 9224 6909 6456 6507 9830 8899 8542 5948 4434 2769 1508 3749 228 6324 7864 3629 8320 9895 4392
36 8963 5429 5159 8736 9520 9952 8529 1801 9391 5576 3263 7984 8434 468 5950 3028 4388 6287 2410 6486 2182 3010 1207 7400 2077 7836 8246 6922 7901 9288 9347 622 617 2609 1584 9586
24 5166 5529 4531 8575 7330 3686 599 5457 1842 1309 1851 7361 2621 9170 6190 2995 7206 2566 7533 3116 7413 2258 1488 9047
29 267 4551 4754 5670 2372 960 142 6637 127 3777 4715 5642 5579 5277 4624 5727 132 721 4048 9674 7362 4745 7648 348 5602 4275 8227 5911 1368
25 6286 4934 5344 6253 5322 6625 8203 8141 5786 6305 2400 3327 5461 381 287 3909 999 2811 2761 9354 4390 4477 5462 677 1891
25 9935 2138 5812 8317 8368 5274 5581 1353 3644 8788 1596 3920 1756 7427 191 995 3308 1295 2468 8578 979 4867 133 4449 5562
32 6485 7841 4499 3005 1112 9097 4688 4403 9726 7477 6251 2139 6912 1460 6215 350 5282 7987 6026 199 6064 9634 3915 4569 4740 6581 2750 9 9069 5822 8215 2593
36 3580 7405 6080 8916 7860 860 7143 6863 6281 5616 3415 856 3969 9336 9462 5343 4176 6839 2591 1133 5850 4469 9365 9517 7062 6183 3900 8714 8325 8084 3478 7920 5931 260 5694 2444
29 2772 4187 8989 4675 2188 7365 4936 8617 8676 2131 9780 167 2226 2907 6998 3234 8128 9584 3442 7778 1339 5305 5187 6822 7656 1289 2884 9527 5733
24 3161 3196 8623 6626 1611 2119 5347 1543 351 3645 5280 2822 3135 3397 1171 5232 2678 9924 489 2366 5538 5665 2068 2386
34 5403 6680 6044 2572 7072 4826 4327 5199 4256 9654 9107 6802 6004 3622 7605 8704 898 6999 8401 6310 6203 5292 7731 2919 908 3481 7215 2395 4494 7839 3262 8632 3264 1677
21 459 6193 5861 4949 1942 9298 3459 8196 8986 9697 8113 3439 5188 9417 3496 7555 806 1089 378 3376 7241
32 805 2843 6758 2392 4965 4495 2690 6902 2967 2905 8353 4311 1166 6445 5657 559 4555 4817 9845 6723 5030 6877 8455 4122 6276 8490 310 1018 7138 7655 6995 7887
25 9315 8132 5370 4931 9644 9271 9671 9974 8922 2580 3073 2279 9843 7970 5823 7927 9863 4080 8750 6129 8077 8090 1308 1104 6223
43 9305 8706 8494 409 1499 7815 9760 5904 445 4580 309 140 6224 2777 3180 2900 8191 3322 8827 79 2794 4242 8960 9361 4928 4487 2175 1261 9201 5999 5837 3032 8731 1858 1536 327 4087 765 2804 3424 3712 239 9458
25 8580 3908 4109 8537 5071 7420 334 6338 9570 7744 7653 7480 7882 7461 2605 1264 893 6128 2692 433 3945 1595 3066 4859 8952
24 65 1119 5798 5982 2209 9381 8824 2336 4998 3523 5748 8147 3652 9121 836 3125 8905 7982 7769 1609 9236 630 9227 5928
38 4631 851 4954 1926 1243 4634 4027 3494 9825 9683 9082 2170 9015 9342 3964 6517 1802 329 4047 679 7295 8803 5410 6526 4032 5031 3059 3307 5708 4870 1634 4576 6455 8199 6683 7005 6414 8887
26 5897 5675 3880 1490 2793 502 8534 4728 9877 6712 1702 1078 1000 2883 513 3373 9827 4243 4496 7340 257 2617 7567 2998 8679 3713
29 2425 3827 5608 2969 8971 9358 8786 6621 9374 4704 1855 8930 675 8372 1606 8474 3551 7370 6377 6530 8526 6649 264 5285 1657 9306 2181 9169 993
37 9953 9492 6285 8293 4943 9577 9460 7894 2706 2191 6617 5476 9126 6272 592 9505 8509 5633 2011 6682 2651 8178 8816 6376 3848 2132 2613 4586 4990 486 8391 3643 2964 1555 2858 5162 4148
26 5921 3675 5941 8333 8998 5463 9668 2178 3096 3933 3606 8764 9810 9432 6988 8599 9510 8365 398 7339 6274 8156 4209 4296 6071 8299
30 4442 105 1836 7351 1338 3734 7387 5491 1967 3385 3737 8182 9128 8228 7288 7282 1346 168 7805 756 4769 8642 5327 3414 793 4640 7973 8164 8327 564
28 1984 6672 819 7584 3851 6350 9600 7270 6907 3117 1503 6334 7177 2388 9949 8311 5620 8674 3344 1302 6166 9399 8603 1502 7907 8524 1514 2010
40 7483 7144 9917 6940 6401 100 8416 2697 3552 9866 6607 7521 1482 6740 5947 4583 6295 4023 5590 4744 4913 6202 9414 1656 8072 7517 800 3981 5452 827 6735 5914 53 7622 5316 1669 8168 7889 87 1259
36 8363 6690 3289 234 5872 1003 8577 5954 4866 2110 5646 1453 4101 8379 2788 4103 2184 1158 248 5553 3681 418 9033 1363 8503 3793 4521 269 422 8645 4355 5636 1570 6217 2727 7399
26 1520 9747 1360 293 5465 2583 9113 1944 2994 8657 2157 98 958 1356 971 2597 3561 6000 7284 1231 7539 4872 7651 7448 1175 294
32 1293 3163 6297 1506 5726 4248 6011 6296 2183 9987 5377 4571 5887 9937 4009 6956 4655 5801 5027 8592 8597 7364 4528 6977 8738 2108 6558 1094 8356 8161 6934 3328
35 1193 7002 324 7170 6610 454 6524 5869 3770 1389 4944 441 6681 1556 5976 1593 3706 6757 8130 3418 1674 4168 7859 968 6773 7051 2098 2865 606 7577 8923 1044 8375 8690 6600
34 7425 2235 4437 9193 3689 7030 3411 2053 9182 7573 8454 6300 3302 4018 3751 4839 3724 7113 1995 5073 1882 1943 1644 426 6164 1331 3879 9310 5788 4982 6754 9058 2823 3111
29 918 7218 4905 4591 1373 2806 7214 3738 4203 3844 5735 6872 7482 681 8726 6018 1721 3633 5055 8982 2707 2705 574 6705 8484 4456 4658 5779 1732
40 8682 4283 9536 8323 7301 5815 3905 8691 6858 4879 6322 7454 4382 2246 447 1806 4533 1688 116 4295 3781 277 3632 7546 4264 9046 5413 5119 3688 7290 7318 984 9005 2163 8405 2524 8852 6978 8983 535
23 4070 2149 7029 1116 4259 2507 728 7606 2312 8677 5062 3995 7703 4079 2817 5996 9956 3366 4793 7037 7827 4050 2814
25 2630 8439 7176 6539 9442 7952 4014 7880 6936 4846 6279 144 6815 4142 2724 2087 3564 9421 7373 9627 1148 2680 3088 5368 498
24 5278 6160 6572 8775 2245 7047 615 9035 1665 1744 4332 3274 6288 9765 4129 5570 7305 4263 1106 8761 4869 912 4763 2250
23 2681 2728 2021 6433 4041 3598 3294 4762 5974 4307 1861 3877 2872 8412 3259 2025 4684 9806 704 2311 5222 9184 965
32 7381 1927 5860 4911 5334 1062 1510 1960 991 1117 7768 1734 6370 5432 2676 4801 1892 720 1186 9447 2037 7023 2735 4391 9898 8950 9429 3109 6309 3405 4360 4891
31 6368 5742 5220 8499 5643 2340 361 1753 769 6644 5028 5844 273 8221 6533 3147 2493 7300 7269 6154 693 2976 9406 7893 9027 9443 5669 4742 7491 5105 9621
26 1095 9851 7526 8643 3458 6090 5956 2088 3916 6933 9792 9109 2589 3740 2753 1990 5680 4347 4915 5268 9993 2161 947 9255 2145 9296
23 4779 8835 7458 8338 3451 2344 7394 1830 8811 8819 9885 1110 4920 5557 524 1152 2733 6420 9449 5464 7415 4334 3746
26 6569 2199 9181 830 7314 6345 6029 4771 1619 9547 7906 7464 2818 3431 9945 8397 4330 9732 3674 3260 4091 2148 8536 5863 1477 4413
29 2932 7571 7976 5194 2458 9582 4900 9592 8510 4120 1587 2851 956 6311 4888 5873 710 2332 8189 7700 9616 5079 1187 7009 2928 755 3719 211 9030
29 949 2429 7593 2767 8476 4841 369 2248 3714 9529 4600 9989 6808 9766 6233 4338 8238 192 4320 3482 1282 8262 1538 8747 9543 6769 1562 5275 3586
27 8662 6375 7021 2786 45 1864 1008 4191 4386 9268 8872 8107 7245 7895 6963 3100 9466 9190 6014 5825 8350 752 6728 1248 6875 1391 8121
29 1796 4593 8732 2212 5836 4642 9220 2063 662 649 2490 939 1114 5497 7069 1985 9264 8167 5088 3348 7761 7007 9057 9984 4225 594 5147 505 1097
26 8640 3991 872 6325 9488 4381 3825 7261 9692 2574 5022 5130 9643 7745 558 1246 2510 9907 2743 2766 4850 1649 4883 864 6236 1777
17 3687 8041 1607 5962 1558 4523 4458 1371 1879 6968 5454 7462 7632 7543 4489 4078 526
37 8863 4217 1325 5567 6720 3881 1215 7253 9307 399 8941 7834 1233 1263 7602 9679 9023 3487 8021 1348 818 9659 1845 6889 6241 2441 9106 2260 7036 8687 3056 1098 6846 3004 1761 7709 9019
33 4154 5686 1292 9448 5424 9614 2564 4031 2791 1698 2679 7693 1456 4207 9528 8857 251 5827 5767 5331 6749 9259 8172 1914 6718 1402 7649 2338 8421 1410 8655 8944 1384
24 2551 9753 9438 8043 6862 4428 2986 4566 1962 4757 6145 1157 4964 9882 1221 5918 1085 7249 9742 4411 6248 9266 4319 2826
24 5723 6021 870 6567 9943 9168 124 1036 8377 3378 3288 5009 4731 576 4466 2863 1100 4228 6348 9518 4788 5498 7748 198
29 7516 1993 8176 7417 3053 3936 138 730 284 6817 1041 3800 1153 8718 1335 7810 7273 2484 8321 638 5309 8733 3766 8901 2708 7803 1481 2407 923
32 6806 6126 8518 8335 1086 5766 7672 1392 9566 1938 22 7821 373 8568 4651 9129 937 8826 6125 5059 6800 3993 3371 980 8085 3603 3771 3098 2229 6798 1832 7469
30 907 1559 4844 7274 6483 7222 5304 3704 5108 8371 5741 2840 9252 7957 4440 2091 1987 8697 7459 4506 8608 7891 9951 3104 8538 5901 9540 7634 9516 4980
25 548 2031 4204 6701 67 6487 1247 6675 5852 5508 8497 5512 5008 6452 4130 7813 3599 6329 9513 4845 3717 4963 5835 748 6254
43 8491 2711 1443 3326 1862 112 7986 4969 1087 2508 3063 7704 9615 715 406 977 6957 4372 7760 1123 7285 5521 10 5803 4800 5486 9204 1083 5049 536 4808 9309 3408 114 7086 3023 9981 834 204 8342 1998 952 9441
31 6692 3807 6156 2420 2888 2829 2313 6066 2012 8745 4711 1447 6560 8064 1070 3832 1229 1268 2080 5979 9071 3067 2322 3555 1765 5233 1191 5197 8612 4110 1982
31 3329 5709 2625 1040 8942 2017 8692 5607 4419 3158 6866 751 331 4945 6724 7495 4399 7835 6153 7548 4582 9369 5584 4240 1451 5522 2201 6339 1608 632 925
31 6905 444 2803 9542 5058 761 3033 6282 1647 4515 3711 6412 3318 7355 1772 5438 7478 1241 1021 1660 866 339 4666 1838 4214 4939 3202 2938 7135 8557 230
25 1513 8806 3973 3554 3971 1184 3331 7025 80 4451 8214 6247 3042 8256 9836 5824 1013 1321 9630 7022 5167 4362 4661 7842 6151
29 5490 8080 7885 5006 3657 1362 7729 3941 4424 3741 4450 9457 5622 8886 4173 9506 6969 8647 3514 8956 8483 7896 1058 7487 3169 9650 1627 1397 2527
17 5250 713 5020 6235 2019 5578 3985 1933 5094 4705 7913 6447 7189 330 596 3224 2075
24 8230 1415 4021 8279 6099 5693 5227 3417 5340 3668 3386 8559 7152 5654 5090 8255 9539 6498 7981 4056 2033 543 2158 6793
25 7808 686 3813 6508 5569 5160 9049 8749 1618 794 6938 5535 7862 9303 3290 6881 3931 4659 349 1149 8885 4877 895 1445 2627
23 5946 9637 5834 3992 6751 3796 8768 4628 4083 3659 6328 6795 1140 4548 2219 3745 5474 3850 6653 4453 1050 9322 1889
31 8233 3545 6794 5558 2528 7626 5536 40 6262 8891 5889 7200 5563 8265 5350 9212 7940 4379 8552 2520 203 396 8429 2120 1770 1957 7594 306 5300 1132 8793
19 7717 4737 5385 6426 7272 7129 8876 9603 5926 8641 216 6796 3512 9202 7481 1150 6435 83 7677
26 7068 7534 5254 6739 9507 9156 8871 3107 920 5987 2345 554 1416 8036 4562 1269 1059 7750 2377 4245 5663 3172 4925 3388 9339 8387
28 46 8964 2830 5963 613 527 8239 2656 375 7287 5494 8614 6984 5221 8915 4387 2069 3907 1728 9651 193 471 8435 1200 3167 6645 1505 8828
30 5845 4157 5718 2461 8560 6303 8502 1195 1222 5523 9652 7679 1666 1527 1096 2663 8232 6848 616 7010 3319 5447 4718 789 3425 2413 8055 6307 9724 2522
36 482 7851 1012 5307 6074 6259 2196 3226 8874 9867 62 7108 388 9329 4525 5697 9602 7684 7038 5342 2921 9371 3249 4061 3343 5762 714 3816 2993 4233 1795 4416 2231 6176 1738 3396
34 3748 6061 9177 1472 2957 86 332 1016 884 1528 6504 4005 9721 3198 3679 3363 5421 1975 8854 2898 9063 9931 166 9886 7886 219 785 5102 3869 7843 7505 9328 7536 4815
28 970 2997 1871 835 3472 1270 66 7879 7090 4540 3261 5785 4414 896 6571 707 5510 4125 4199 9258 8587 8838 2215 2154 3857 9768 2749 6927
26 7209 2052 6015 2202 1908 9446 7989 1883 7734 4309 9016 7414 5527 3593 1043 7936 5205 2459 1420 2801 8144 4 3068 1670 3144 6440
23 1700 1575 8380 412 518 1064 2066 1498 1274 8751 786 6950 3020 8625 9270 1890 2974 1885 3019 7446 9508 799 1725
26 5450 5238 8968 2047 5398 3049 93 4753 9253 7751 9026 3021 9036 6122 3698 4024 8556 5858 6529 274 4766 8374 1272 8270 5138 4229
33 6874 5256 7311 2825 4463 5598 8218 9424 3303 9648 6087 6748 9000 1622 9855 272 8211 9554 6467 3562 9761 2350 8171 213 7998 6314 8348 4408 4040 5623 9237 5269 7914
27 5436 3966 5721 4247 2339 1450 2942 5791 2249 5710 8740 2537 5003 2626 8174 3546 2385 5631 1475 4619 6919 16 8400 9206 1582 9389 9198
39 9461 877 5606 220 1717 5691 9694 1928 4725 9606 3500 2316 2298 1631 6457 5399 3829 7785 9440 9796 9928 2850 2704 8131 300 1355 989 4114 4068 9191 5402 9018 5107 410 6194 3152 6959 7554 7637
32 3148 9964 4417 6462 2742 165 7006 1220 826 7067 3145 7641 5769 4472 5597 5161 3124 6710 2035 5526 9698 9187 563 5380 5664 5225 7779 1715 9686 5449 750 262
29 3266 7476 5518 838 669 8869 8841 9662 6711 3913 1301 8752 6010 1662 3567 5074 7137 7924 3214 6849 2607 2882 843 3952 7645 9754 2472 8308 4374
28 9276 727 8590 2180 1566 4348 6580 5500 8685 8919 5323 2672 8163 3894 5328 2763 2795 3787 9251 2450 821 7826 2208 7024 3742 2121 4169 7642
22 7963 4501 1714 3181 6647 1242 9494 308 1205 8086 7045 7081 1108 8324 2373 6563 5440 6954 4804 753 4667 8114
22 8837 3778 1217 5916 7551 3710 4132 590 9817 723 3700 8981 8340 1463 1546 7323 5891 742 7959 7035 1661 7278
22 2224 6091 1785 1211 8059 1655 2652 8004 3669 6075 4131 2165 987 4985 7404 3581 8779 9709 7508 9620 2752 2660
24 2861 318 9818 6935 5532 4899 1396 343 1457 4398 5126 4777 3942 8709 7869 7561 6958 3577 6369 9785 3403 4433 345 7105
31 3662 3030 8061 8505 5230 5066 1 7707 5158 3619 5790 9360 9451 8046 7979 5572 1804 5310 2055 6477 4123 2285 180 1365 3401 5456 4863 1375 2716 996 9752
28 8259 7211 3314 9115 7194 1374 9155 5592 2106 1525 5772 252 7042 3078 874 9199 767 7756 7923 7369 303 472 7730 6081 8024 5808 8062 8907
28 4609 6250 8940 6415 7302 4958 2143 8817 4274 2573 4838 5702 1290 8994 9419 359 2265 8151 6495 178 6218 7098 1623 809 1088 3653 8815 7740
32 597 6062 78 7103 9666 7838 1209 4560 8939 4746 6562 4219 7801 253 8783 3493 935 2123 4052 6078 5813 229 3017 2923 9973 2927 6265 6547 3589 8519 7659 9921
26 7055 4488 3469 6205 7716 891 4351 829 8809 2553 8074 603 9480 7578 1592 5609 831 3601 2877 8512 6642 2430 5485 8431 3027 9961
38 2604 2602 7248 3197 609 4011 5593 9400 5632 344 1296 188 477 7565 5754 9100 703 6155 3336 323 5967 4395 6357 1465 1194 4938 7085 9002 1758 9292 3830 3924 5492 8045 2464 3052 6204 6482
36 8012 9132 8020 6144 7298 9153 8520 6381 6258 7615 7163 5761 3173 914 7233 1122 5864 9395 196 8721 3257 9242 4553 1387 9474 1378 6809 2958 1385 7111 2519 5405 4267 7000 7819 2776
31 700 1317 2300 8781 2944 4181 7962 7791 5181 6953 671 2831 9939 9145 7585 3132 1258 9231 2577 8019 1544 6200 122 9595 5276 6437 1986 9954 2640 2382 3517
29 8868 5035 6661 7286 4512 6249 5885 3460 7977 6608 7969 8821 5513 8352 552 7875 5354 8146 4072 3875 695 95 8678 7191 4649 4978 4835 2911 7781
30 8456 3885 1470 8884 2975 7472 1810 18 36 1304 6830 3034 3447 9675 855 9781 5325 3082 5040 8541 2403 897 4076 1509 9225 2186 6465 2984 2333 5211
32 2941 6979 7259 4124 5048 6227 5143 7353 9385 6870 7322 1412 2282 2854 6489 8009 3313 6906 6264 8683 7689 722 8814 9899 3143 6986 5021 1950 8204 3164 9263 6212
21 7316 658 2832 7804 1817 9384 7763 7520 2802 68 8562 6052 5458 3112 7279 8100 6270 7409 9205 4534 7657
36 2606 9235 5668 8437 6464 9896 5975 9833 9667 8902 5100 6027 1640 1610 9849 1934 9327 3165 326 3953 6799 7158 3515 9991 8112 8432 1910 8226 3516 5747 5459 2876 8594 4759 8269 5045
28 5051 5905 5656 4324 683 291 5634 740 6182 628 2218 2179 6929 7975 6118 1006 4037 7190 1581 5132 5514 7550 4662 7640 7442 1340 8422 4341
30 5971 4910 4852 4473 503 8451 4042 4898 6573 7056 8057 570 4855 2213 6330 3891 5716 8315 5223 2049 6159 5151 1667 4454 8492 7782 3665 1552 2615 832
22 8289 8945 522 9007 2160 4352 9311 7935 6084 9699 8668 3739 4128 9980 5376 2473 113 5776 4912 5409 6438 2990
25 4687 5312 3776 6869 7931 894 8730 9232 4349 4441 1081 8369 5528 1693 5848 3407 5012 417 9333 7570 6937 9562 5851 2648 4953
25 6119 9916 4365 7624 1763 9696 8231 3457 3402 4375 9159 4510 1626 525 249 8222 387 8096 9076 9091 3190 6063 2774 8116 9299
32 9962 763 5239 8117 9950 6760 8213 4547 2770 852 3276 383 1752 6930 4239 930 2128 815 6513 659 8693 5899 6022 5078 4156 9756 2503 1287 9355 8705 1918 2272
31 4773 5559 2454 8605 8610 7868 3350 6706 9223 2531 5908 2805 8198 3391 7822 2821 4971 119 3316 3441 4960 3904 1403 9301 9558 1479 364 4282 5683 3228 2718
30 5685 8853 3220 4889 5586 1719 1034 3039 1126 3110 6141 4741 9387 6528 3072 4761 4326 7053 4622 7452 7816 1379 743 1786 6974 1448 3398 8616 9373 4096
25 4200 7385 7052 5704 3201 7638 2513 8681 1413 1965 317 5932 571 8694 5018 5912 2361 5215 5983 5862 9734 7307 434 1923 9025
33 8461 3193 4422 7294 238 9879 4612 6459 5895 4930 2895 3783 5751 3693 954 2297 201 7956 4004 7902 9050 2009 9319 2314 9265 2700 614 3495 7160 7416 8030 5231 1163
21 6405 1969 530 453 1056 2624 3615 217 3999 2307 4226 2044 9293 9775 6387 7440 2736 8145 4152 9871 7332
30 1493 2104 3091 4894 1328 8415 4932 2603 2845 2415 2475 883 2567 5550 2980 4171 4093 7978 227 7044 4253 8607 5379 2622 6188 702 7308 3774 5336 4281
33 6515 7360 2355 6002 8240 1330 7806 9192 5968 5408 5882 7388 9376 5057 4491 5442 8153 2629 6767 6502 3035 8099 1182 2505 5283 1294 8444 2014 6512 6818 4467 9344 5756
27 1724 4084 7652 666 1438 4799 3210 9778 3160 9039 8609 64 9350 8995 5792 3187 6197 9707 156 6429 6244 4159 7366 7276 3892 9456 546
30 7503 3559 4514 8477 8267 7155 6920 3235 5115 8360 7329 163 4067 6967 9330 4792 4094 2509 5830 4786 5116 9801 9290 146 6140 8967 3887 2844 6686 1799
29 8582 5799 2474 354 5118 3938 4405 9915 4812 2082 8622 7180 4678 787 6231 1887 5565 7496 4055 8810 1629 8908 2117 1146 9096 5805 6449 732 6001
23 9352 2867 8860 4636 2319 8933 627 1708 1624 5013 4712 2511 8879 9872 4617 8283 9084 3716 8572 5666 1726 4099 6104
27 2238 6699 7303 2779 2977 625 8882 3797 2334 9821 4265 232 2916 7421 20 8985 4195 7775 2368 7082 5175 6189 2488 7406 9222 8792 1419
31 6421 1265 8506 2754 1275 135 7720 9209 6476 6398 7617 3113 2306 8254 5346 2954 9687 9133 6659 5782 4118 379 9423 842 21 8314 516 1025 3697 7665 7131
35 7126 1816 3423 5737 41 3231 7636 2222 6559 110 1286 5270 8661 643 9533 1297 7146 2308 4865 4962 9072 8903 9363 7856 3238 6399 4772 1869 9283 8987 460 4271 9343 2820 2908
35 9649 1703 2959 9546 7079 9605 8425 6389 4289 2085 5382 1055 4246 3295 943 5960 2497 5448 9693 5806 7099 8545 5838 374 776 4062 9239 4893 3108 2940 8039 8482 5297 4238 4696
26 8398 3492 6045 214 7428 7422 1164 7837 6474 1076 2227 3209 9723 3399 3768 8606 4918 1789 9929 400 7849 6895 77 4796 7951 4951
27 6458 7545 1526 3912 2866 6488 9660 8955 8272 427 8453 7384 5417 5959 7310 2240 1267 8274 5809 8292 8689 7660 1300 3060 1337 6392 5886
32 8063 1602 1495 8996 7380 5259 9280 1522 9911 7016 9345 6110 8894 1827 5120 6158 6583 1011 6747 2142 5972 3683 2424 3759 2146 5072 7673 4881 9839 2698 7341 7586
31 5426 9794 5892 1422 8849 2744 7032 8346 4312 8695 8170 3569 8487 4587 9972 4778 5655 9282 5696 8843 2703 6688 5036 6945 301 8533 2232 5915 854 7423 1196
23 5470 1981 182 8778 3283 9591 5612 4603 7538 7173 3502 3192 4589 4751 1015 1130 1901 6124 1788 1109 4394 8224 5854
30 7888 3297 3587 6428 6853 451 2730 4874 8515 5653 5689 7251 9626 9530 1730 2675 7741 6589 9142 1113 5198 57 1404 6067 9167 1407 7955 9111 9795 3914
31 8103 190 6267 9807 9166 8048 7532 2008 1485 9439 3421 3227 5566 2666 2326 4268 7107 8403 4464 4950 4784 3550 9245 4660 9819 8550 4756 3412 9425 4781 6650
35 4530 2586 1262 7095 5320 6834 1327 4748 6111 9960 5428 6582 6860 2364 7985 1277 1588 25 7457 6008 4995 6106 322 8820 8800 9670 3595 209 2396 3854 3604 1945 8589 8543 844
23 6708 6654 3720 986 4979 1646 6599 5026 5679 3105 9990 4623 6470 8972 8160 5840 1955 4081 8248 3040 862 3767 8818
40 2661 49 1073 2846 4922 9338 430 8149 9982 8875 1251 3009 642 2288 1811 3542 4179 424 3070 6703 3508 2694 2096 9037 509 3427 3785 8488 1336 4974 4833 3676 9576 1066 2168 5288 3342 7041 3684 3623
29 5430 6163 655 130 9099 3794 4221 4997 3377 6234 2 4182 2463 4435 3754 557 9902 270 5317 1939 8969 4919 6566 5682 3195 3413 6374 8436 913
25 6451 975 2109 8129 899 1471 1878 6367 8359 321 5345 4690 5267 3533 2365 879 397 8319 2001 2544 1663 4342 9992 5219 5114
31 5507 6453 5369 1905 6987 3861 8796 4180 5920 1573 3501 1199 6397 9028 6726 4151 8326 6597 8106 7598 9013 9163 1491 7166 811 1432 2936 5997 7498 9708 2228
22 510 500 5111 6365 4315 6894 4162 7438 1383 5768 9714 8999 3685 2447 6577 931 8744 3640 1664 5481 9859 7118
24 8717 4482 4035 7747 7753 6847 4896 6033 8025 6396 5186 7147 2065 6466 5129 4824 3922 4676 7514 2393 411 566 9272 6990
39 6941 5224 9658 6468 7972 3043 8098 936 9661 1523 4832 514 507 3722 8143 676 6102 8932 8649 1560 4834 1697 2111 9119 5868 7468 5516 1426 1279 7757 1256 909 8092 4581 4749 2360 3557 3270 1621
23 1743 488 7059 706 7858 3341 2374 2862 102 4903 5641 5630 2860 8235 5154 3293 2281 694 3079 4681 5644 4189 8184
38 1735 3582 6805 9416 3530 7444 3611 3273 8634 9912 6 1093 8393 6593 5168 5574 5418 9736 4465 8936 8644 2050 2966 9185 4616 2278 4498 6132 5878 7197 6537 3 5739 9044 131 6677 8049 6550
32 9579 5054 7992 3406 8280 8576 2302 4220 2056 1900 4013 4476 8219 3756 6184 5787 1815 8926 5781 9278 9409 1550 8611 6996 7818 2783 7608 3628 4738 7071 4709 9228
31 1854 5358 8737 4811 2015 242 4470 9555 668 4517 712 4356 6911 1320 2985 6226 3362 1138 2971 3461 9454 4235 1727 5564 8604 5793 2451 8407 9728 4638 4672
31 5856 3528 6592 4674 1694 9874 9378 394 8651 4292 8573 8787 3594 8268 9357 8638 2669 8637 2029 8759 3310 1179 5910 6761 4316 7179 9176 6040 9043 109 5940
31 5871 7168 4921 9706 5397 9008 795 3666 5966 3151 3990 7368 5551 3168 4567 1214 8276 1394 2045 988 7317 7697 3304 5627 7220 9382 3101 9073 5740 6209 4708
25 9123 8765 4426 1849 892 8710 7398 9829 9101 6588 3156 5549 1545 9249 6347 1557 1792 9141 9392 8912 289 9189 1782 3513 773
30 8652 4854 1893 6789 4577 4001 9230 9998 2353 9065 6971 839 4455 6446 4673 295 1769 1165 1084 4102 3790 1351 9137 4829 735 121 8615 2064 9538 390
40 9574 9869 5855 8010 8234 236 9623 4843 3780 1678 3752 2476 3965 5339 1553 523 2926 1240 9060 2169 4703 8157 7811 4205 158 5903 9777 9585 5098 3330 8848 9238 4695 9323 3178 8392 3287 6057 1382 3642
25 9653 2548 3269 2439 2549 4438 3031 2689 6475 5427 7475 8544 635 6824 4092 2428 4290 2152 7257 7691 4692 5881 8310 538 7591
27 290 6785 9861 8111 474 1480 2414 9773 304 5373 8002 9784 9812 3507 5140 4794 9834 7948 4625 4071 3285 6007 6602 4335 4383 4255 6518
28 4814 7892 5556 8088 1722 185 9743 139 3473 4445 3860 4053 5414 3250 2655 6612 3610 5007 1681 9979 2533 6304 2137 4194 6970 6505 7898 1848
29 6669 1170 243 2943 6291 3541 7390 1427 9318 4054 1530 282 436 5544 5831 5025 2946 9122 4519 1266 2000 2864 3256 3831 8480 2812 3638 6663 4527
28 1235 8148 5141 586 4294 4984 7119 7063 3672 1473 7102 7848 4322 6187 6778 9325 5725 2563 1219 9020 1824 1435 2833 8564 1027 2266 5338 4183
21 8953 4822 1999 8602 9549 4089 2387 5243 376 1590 4670 3057 6186 542 1115 8658 9179 6165 2026 6403 6975
27 1031 4550 7726 3984 4000 276 8381 7463 1853 4717 3845 8347 9331 4359 5076 4452 2431 3332 1516 5156 8027 5846 1951 9976 3972 5248 244
29 8216 4677 3248 7687 8200 5196 8918 1929 887 2491 5372 8290 1405 6174 4976 8399 141 6670 263 7900 1825 5063 545 153 7402 2693 7814 7999 9289
